89
4
-4.435484, 13.669591
-4.435484, 10.453216
-12.292627, 10.774854
-12.546083, 13.991228
0
4
-15.587558, 13.991228
-15.080645, 6.915205
-11.278802, 7.236842
-11.278802, 13.026316
0
4
-14.066820, 8.845029
-14.827189, 0.160819
-11.278802, 0.160819
-12.039171, 9.166667
0
4
-15.334101, 1.769006
-9.504608, 1.125731
-9.251152, -5.307018
-15.841014, -4.985380
0
4
-14.320276, -2.090643
-14.320276, -11.418129
-10.011521, -11.096491
-10.771889, -2.412281
0
4
-12.799539, -8.523392
-5.195853, -8.201754
-5.449309, -11.418129
-11.785714, -12.704678
0
4
-6.209677, -6.593567
-5.956221, -12.061404
0.380184, -9.809942
-1.900922, -6.915205
0
4
-1.647465, -9.488304
-1.140553, -12.061404
4.942396, -11.418129
3.928571, -8.201754
0
4
2.661290, 13.347953
3.168203, 9.809942
10.518433, 9.809942
10.518433, 13.669591
0
4
7.983871, 12.704678
8.237327, 7.880117
15.080645, 8.523392
14.827189, 12.704678
0
4
11.785714, 9.166667
11.278802, 2.733918
15.587558, 2.412281
14.320276, 10.774854
0
4
12.799539, 4.342105
12.039171, -3.055556
15.080645, -2.733918
14.827189, 4.020468
0
4
11.278802, -1.447368
14.320276, -0.804094
14.066820, -8.845029
11.025346, -7.880117
0
4
12.292627, -5.950292
16.601382, -6.271930
16.347926, -11.739766
11.785714, -11.096491
0
4
7.223502, -8.201754
8.237327, -11.418129
12.546083, -11.739766
12.799539, -6.915205
0
4
3.421659, -6.915205
3.928571, -13.026316
9.504608, -12.383041
8.997696, -6.593567
0
4
-4.688940, 20.423977
-4.688940, 18.172515
2.914747, 17.850877
3.168203, 20.745614
-1
4
1.647465, 19.780702
1.647465, 8.201754
4.942396, 7.558480
4.435484, 19.137427
-1
4
-4.182028, 24.605263
3.421659, 24.283626
3.675115, 28.464912
-4.942396, 27.500000
1
4
2.407834, 30.073099
3.168203, 23.318713
8.744240, 23.961988
8.237327, 30.716374
1
4
6.716590, 25.570175
15.080645, 25.248538
14.573733, 30.716374
6.463134, 29.108187
1
4
13.306452, 29.429825
21.670507, 29.429825
22.937788, 24.605263
14.827189, 23.961988
1
4
13.813364, 3.698830
22.430876, 3.698830
21.923963, -0.804094
14.066820, 0.482456
1
4
-4.435484, 30.716374
-4.182028, 23.318713
-11.785714, 23.318713
-11.025346, 29.751462
1
4
-17.361751, 26.856725
-8.490783, 26.856725
-10.011521, 24.283626
-16.854839, 23.640351
1
4
-22.177419, 29.108187
-16.094470, 29.108187
-15.587558, 24.283626
-22.937788, 24.283626
1
4
21.670507, 5.628655
21.163594, -3.055556
32.315668, -2.412281
31.555300, 4.663743
1
4
29.020737, 1.447368
29.274194, 14.634503
34.089862, 13.991228
33.329493, 1.447368
1
4
30.034562, 27.178363
29.274194, 12.704678
32.315668, 11.739766
34.089862, 26.856725
1
4
28.767281, 36.827485
29.020737, 24.926901
32.315668, 24.605263
32.569124, 37.149123
1
4
-1.394009, 26.535088
-1.394009, 37.149123
3.421659, 37.470760
4.435484, 26.213450
1
4
-0.887097, 44.546784
-0.380184, 33.611111
2.914747, 33.932749
2.154378, 45.833333
1
4
0.633641, 47.763158
1.394009, 42.295322
10.771889, 42.616959
10.264977, 47.763158
1
4
22.177419, 40.687135
22.684332, 35.219298
31.048387, 34.897661
30.288018, 40.365497
1
4
14.573733, 38.435673
24.965438, 38.757310
24.205069, 36.505848
15.587558, 35.540936
1
4
9.251152, 45.511696
19.642857, 46.476608
19.135945, 43.903509
8.997696, 44.225146
1
4
18.122120, 48.406433
18.375576, 42.938596
28.767281, 44.225146
27.246544, 48.406433
1
4
26.486175, 47.763158
36.624424, 47.119883
36.877880, 44.546784
26.739631, 45.511696
1
4
-13.052995, 2.090643
-12.546083, -0.804094
-25.472350, -0.804094
-24.711982, 2.733918
1
4
-23.191244, 4.663743
-22.684332, -5.950292
-33.582949, -4.985380
-33.076037, 4.663743
1
4
-29.527650, 0.482456
-37.131336, -1.769006
-37.891705, 3.698830
-30.288018, 3.055556
1
4
-36.877880, 2.090643
-36.624424, 11.739766
-33.836406, 11.739766
-34.343318, 0.804094
1
4
-37.638249, 20.102339
-30.794931, 20.102339
-31.555300, 9.488304
-37.638249, 9.488304
1
4
-35.864055, 17.207602
-35.864055, 30.394737
-32.822581, 30.394737
-33.076037, 17.207602
1
4
-37.638249, 36.827485
-37.891705, 28.143275
-30.794931, 28.143275
-31.301843, 36.827485
1
4
-32.822581, 34.254386
-25.472350, 35.219298
-25.472350, 39.722222
-33.076037, 38.757310
1
4
-26.993088, 38.114035
-18.375576, 38.114035
-18.882488, 35.540936
-27.753456, 35.862573
1
4
-19.135945, 40.687135
-19.642857, 36.505848
-13.306452, 36.184211
-13.306452, 40.365497
1
4
-14.573733, 38.757310
-9.504608, 38.435673
-9.504608, 35.540936
-15.080645, 35.540936
1
4
0.380184, 47.119883
0.633641, 43.260234
-6.970046, 44.546784
-6.970046, 48.084795
1
4
-15.080645, 49.049708
-4.435484, 48.406433
-4.435484, 45.833333
-15.080645, 45.833333
1
4
-13.559908, 47.763158
-25.979263, 49.049708
-25.472350, 46.476608
-13.306452, 45.833333
1
4
-24.711982, 46.798246
-25.218894, 50.014620
-33.836406, 49.371345
-33.329493, 45.833333
1
4
-32.315668, 48.728070
-41.440092, 48.728070
-41.186636, 45.833333
-31.301843, 46.476608
1
4
15.587558, 40.365497
15.841014, 35.862573
10.771889, 36.184211
10.518433, 37.470760
1
4
-45.495392, 47.763158
-39.919355, 47.441520
-42.453917, 42.616959
-46.002304, 43.260234
0
4
35.864055, 46.154971
35.864055, 42.616959
42.200461, 43.260234
41.693548, 47.441520
0
4
-48.029954, 44.225146
-44.228111, 43.903509
-44.228111, 34.254386
-48.790323, 33.611111
0
4
-46.255760, 34.897661
-45.241935, 21.710526
-47.523041, 20.102339
-47.776498, 35.862573
0
4
40.933180, 44.546784
40.679724, 26.535088
45.241935, 27.821637
44.735023, 45.511696
0
4
42.453917, 29.751462
42.453917, 14.956140
46.255760, 15.277778
46.762673, 30.394737
0
4
20.403226, 18.815789
25.472350, 18.494152
25.472350, 12.383041
19.896313, 13.026316
-1
4
-19.642857, 25.891813
-19.896313, 12.704678
-22.684332, 13.026316
-21.417051, 25.570175
-1
4
-47.016129, 21.710526
-47.269585, 11.096491
-42.960829, 12.061404
-44.228111, 22.997076
0
4
-45.241935, 13.669591
-44.735023, -1.769006
-47.269585, -1.447368
-47.523041, 13.347953
0
4
-45.748848, 1.125731
-43.467742, 0.160819
-43.721198, -12.704678
-47.269585, -12.383041
0
4
-44.228111, -10.453216
-49.043779, -10.774854
-47.776498, -23.640351
-44.988479, -22.675439
0
4
44.735023, 15.921053
48.790323, 14.956140
47.269585, -12.061404
43.721198, -9.809942
0
4
42.707373, -7.558480
46.509217, -8.201754
46.002304, -28.143275
40.933180, -26.535088
0
4
42.453917, -23.961988
41.693548, -28.786550
25.725806, -28.464912
26.486175, -22.675439
0
4
-45.748848, -20.745614
-34.850230, -21.067251
-34.850230, -26.535088
-47.776498, -26.856725
0
4
-36.370968, -19.780702
-36.117512, -24.926901
-23.444700, -25.248538
-23.698157, -20.102339
-1
4
28.513825, -21.388889
28.006912, -27.178363
14.066820, -27.500000
14.827189, -21.388889
-1
4
-24.711982, -21.067251
-14.066820, -21.067251
-14.573733, -27.178363
-24.458525, -26.535088
-1
4
12.546083, -21.710526
17.615207, -22.353801
17.361751, -26.213450
10.518433, -26.856725
-1
4
-15.334101, -22.353801
-6.209677, -22.675439
-6.463134, -29.108187
-16.347926, -28.786550
-1
4
4.435484, -22.675439
10.771889, -22.675439
12.799539, -24.926901
4.942396, -26.535088
-1
4
-8.237327, -24.605263
-2.407834, -23.961988
-2.154378, -27.821637
-7.983871, -27.500000
-1
4
5.702765, -24.283626
1.647465, -24.926901
2.407834, -29.108187
7.476959, -28.143275
-1
4
-2.914747, -33.289474
4.435484, -33.289474
5.449309, -38.114035
-4.182028, -36.505848
0
4
-6.716590, -34.254386
-1.647465, -33.932749
-2.407834, -38.114035
-6.463134, -36.827485
1
4
3.928571, -34.576023
11.785714, -34.254386
11.025346, -39.400585
2.914747, -38.757310
1
4
-14.573733, -33.932749
-6.209677, -32.967836
-5.195853, -36.827485
-14.066820, -37.149123
1
4
-22.430876, -34.576023
-12.039171, -34.897661
-12.799539, -36.827485
-22.684332, -37.149123
1
4
10.518433, -35.540936
21.417051, -34.254386
21.670507, -39.078947
7.730415, -36.827485
1
4
-29.274194, -33.611111
-20.149770, -33.289474
-21.417051, -38.114035
-29.781106, -37.149123
1
4
10.094470, 48.084795
10.841014, 40.687135
15.218894, 40.687135
14.965438, 50.014620
1
4
-40.172811, -33.289474
-26.486175, -32.646199
-27.500000, -38.757310
-40.426267, -38.435673
1
4
20.656682, -32.967836
20.149770, -41.008772
36.877880, -40.043860
36.117512, -33.289474
1
