11
5
-40.806452, -37.046784
-47.258065, -41.549708
-41.129032, -46.052632
-35.645161, -41.959064
-37.580645, -37.865497
12.212030
27
77.096774, 3.847953, 1.437661
63.548387, -1.883041, 2.642264
40.000000, -7.204678, 4.619184
24.193548, -8.842105, 5.920445
7.741935, -6.795322, 7.277996
-2.258065, -3.111111, 8.150667
-6.774194, 5.894737, 8.975653
-7.096774, 14.900585, 9.713583
-5.161290, 26.771930, 10.698521
1.290323, 39.461988, 11.864249
16.451613, 45.192982, 13.191489
31.935484, 46.421053, 14.463390
45.483871, 47.239766, 15.574844
67.741935, 52.561404, 17.448848
83.548387, 61.157895, 18.922221
95.806452, 69.345029, 20.129288
103.225806, 75.894737, 20.939697
102.903226, 86.538012, 21.811638
98.387097, 95.953216, 22.666720
83.870968, 93.497076, 23.872290
75.483871, 90.631579, 24.598058
57.741935, 79.988304, 26.292248
50.967742, 63.614035, 27.743295
47.096774, 40.280702, 29.680094
35.806452, 18.994152, 31.653182
19.032258, 7.122807, 33.335948
0.000000, 0.000000, 35.000000
4
37.903226, -17.397661
35.322581, -24.356725
42.096774, -26.403509
44.677419, -16.988304
10.723127
28
-60.483871, 16.169591, -4.447828
-55.322581, 9.619883, -3.670170
-50.483871, 2.251462, -2.848102
-44.677419, -8.801170, -1.683795
-42.741935, -15.760234, -1.010185
-41.129032, -21.900585, -0.418133
-42.741935, -25.175439, -0.077701
-47.903226, -25.584795, 0.405134
-51.774194, -24.356725, 0.783858
-76.290323, 31.725146, 6.491740
-79.193548, 39.502924, 7.265951
-79.516129, 50.146199, 8.258960
-76.612903, 54.239766, 8.726973
-72.419355, 55.058480, 9.125432
-68.548387, 53.011696, 9.533781
-35.967742, -21.081871, 17.081994
-29.193548, -22.309942, 17.724028
-25.000000, -22.309942, 18.115103
-22.741935, -19.035088, 18.486065
-22.419355, -16.578947, 18.717083
-24.354839, -12.076023, 19.174158
-55.322581, 56.695906, 26.207803
-54.354839, 60.789474, 26.600077
-47.903226, 63.654971, 27.258406
-44.354839, 63.654971, 27.589316
-39.193548, 62.836257, 28.076657
-35.322581, 59.152047, 28.575015
0.000000, 0.000000, 35.000000
5
-42.096774, 44.415205
-43.387097, 39.093567
-35.967742, 36.228070
-32.741935, 40.321637
-36.935484, 45.643275
16.371347
23
27.741935, 3.684211, 8.991646
75.161290, -18.830409, 12.198033
82.903226, -26.198830, 12.850875
83.548387, -31.111111, 13.153506
81.935484, -40.116959, 13.712356
77.741935, -45.847953, 14.146128
36.774194, -53.216374, 16.688686
26.129032, -53.216374, 17.338917
16.129032, -50.350877, 17.974323
10.967742, -43.391813, 18.503550
10.000000, -32.339181, 19.181253
11.612903, -24.561404, 19.666446
21.935484, -22.923977, 20.304856
68.064516, -21.286550, 23.124300
75.483871, -18.011696, 23.619675
78.387097, -13.918129, 23.926221
77.096774, -8.596491, 24.260698
73.225806, -7.777778, 24.502376
69.354839, -11.461988, 24.828797
12.903226, -75.321637, 30.035090
7.741935, -74.912281, 30.351344
3.225806, -66.315789, 30.944488
0.000000, 0.000000, 35.000000
9
-8.225806, 67.339181
-15.645161, 64.883041
-16.290323, 61.608187
-15.967742, 56.286550
-10.483871, 50.146199
-3.387097, 49.327485
5.000000, 55.058480
3.064516, 61.608187
-5.322581, 66.929825
15.295328
26
1.182796, -66.406758, -3.863338
-15.913978, -102.430149, -1.256358
53.763441, -96.699155, 3.314495
33.118280, -90.149448, 4.730562
-11.075269, -35.705003, 9.315180
45.376344, -19.330734, 13.158079
32.795699, -51.669916, 15.426751
23.763441, -52.897986, 16.022708
12.473118, -54.126056, 16.765217
0.860215, -57.400910, 17.554074
-13.978495, -62.313190, 18.575998
-21.075269, -67.634828, 19.155940
-23.978495, -77.868746, 19.851431
-22.365591, -86.465237, 20.423271
-13.010753, -94.652372, 21.236036
28.602151, -70.500325, 24.381701
44.731183, -60.266407, 25.630566
48.279570, -46.348278, 26.569633
46.989247, -31.611436, 27.536805
41.505376, -24.652372, 28.116074
-18.494624, -27.517869, 32.043311
-23.010753, -20.149448, 32.608339
-22.688172, -11.552956, 33.170768
-20.107527, -6.231319, 33.557445
-15.591398, -1.728395, 33.974399
0.000000, 0.000000, 35.000000
7
21.774194, 29.269006
19.193548, 25.584795
19.838710, 17.807018
25.000000, 15.350877
30.806452, 19.444444
30.483871, 28.859649
27.903226, 31.315789
15.490855
4
37.419355, -86.783626, 7.575422
-90.967742, 33.157895, 18.917364
-90.967742, -88.830409, 26.792223
0.000000, 0.000000, 35.000000
7
-28.870968, -3.888889
-30.806452, -10.847953
-27.903226, -13.713450
-22.096774, -12.894737
-19.516129, -8.391813
-23.709677, -1.432749
-26.935484, -1.023392
10.725342
32
-18.663594, 51.871345, -12.996074
-14.470046, -38.187135, -4.590182
58.755760, -40.643275, 2.241020
71.981567, -36.549708, 3.531872
72.626728, -23.040936, 4.792827
73.271889, -3.391813, 6.625842
73.917051, 19.122807, 8.725901
73.917051, 44.502924, 11.092270
70.046083, 52.280702, 11.902298
58.433180, 53.918129, 12.995762
48.110599, 49.824561, 14.031126
48.110599, 35.906433, 15.328812
48.433180, 21.578947, 16.665004
51.658986, 5.614035, 18.183608
56.175115, -3.391813, 19.122949
59.723502, -11.169591, 19.920031
60.691244, -23.859649, 21.106651
56.497696, -29.181287, 21.738367
45.852535, -28.362573, 22.733822
37.142857, -22.222222, 23.727409
34.884793, -13.625731, 24.556111
34.239631, -1.754386, 25.664595
33.594470, 8.479532, 26.620670
30.046083, 18.304094, 27.594599
24.239631, 26.081871, 28.499569
13.594470, 30.175439, 29.562949
1.658986, 30.175439, 30.675779
-8.663594, 25.263158, 31.741648
-14.147465, 17.076023, 32.660410
-14.147465, 9.298246, 33.385587
-9.308756, 3.976608, 34.056201
0.000000, 0.000000, 35.000000
5
9.193548, -32.953216
5.322581, -39.912281
14.677419, -41.140351
18.225806, -31.725146
12.741935, -28.450292
12.931846
18
-0.903226, 37.497076, -5.254007
7.806452, 23.578947, -3.984376
22.000000, 20.713450, -2.864667
30.387097, 32.584795, -1.740681
28.451613, 42.818713, -0.935279
-28.645161, 79.251462, 4.302198
-53.806452, 63.695906, 6.589692
-56.064516, 50.596491, 7.617589
-18.645161, -0.163743, 12.494074
21.032258, -8.760234, 15.633455
32.967742, -0.573099, 16.752676
34.903226, 10.479532, 17.620365
30.387097, 21.122807, 18.514420
-39.612903, 81.707602, 25.673266
-51.870968, 82.116959, 26.621692
-59.612903, 77.204678, 27.330706
-57.677419, 65.333333, 28.260820
0.000000, 0.000000, 35.000000
6
-5.967742, -59.561404
-8.225806, -61.608187
-7.258065, -62.836257
-3.387097, -62.426901
-2.419355, -59.970760
-4.354839, -58.333333
15.725526
14
59.946237, 33.976608, -4.559042
29.301075, 120.760234, 1.293573
17.688172, 117.076023, 2.068320
18.010753, 106.023392, 2.771466
44.784946, -1.228070, 9.800987
-21.666667, 2.865497, 14.034713
-19.408602, 89.649123, 19.555228
-9.731183, 94.970760, 20.257533
-2.311828, 91.695906, 20.773252
0.913978, 80.233918, 21.530446
0.913978, -4.093567, 26.892905
-26.827957, -1.637427, 28.663939
36.397849, -0.409357, 32.685282
0.000000, 0.000000, 35.000000
7
61.774194, -6.345029
57.903226, -12.894737
58.548387, -18.625731
60.806452, -19.444444
65.322581, -16.988304
67.258065, -10.438596
65.000000, -2.251462
16.335016
11
-56.728111, 54.795322, -2.734438
-25.437788, 20.818713, 0.093215
-40.276498, -41.812865, 4.033546
-118.663594, 17.134503, 10.037714
-121.566820, 48.245614, 11.950555
-4.792627, -25.438596, 20.403448
-1.244240, 31.461988, 23.893565
-1.244240, -27.894737, 27.527276
-1.566820, 22.865497, 30.634788
-0.276498, -24.210526, 33.517779
0.000000, 0.000000, 35.000000
5
-8.225806, 36.228070
-12.096774, 27.631579
-6.612903, 22.719298
-0.483871, 28.040936
-0.483871, 32.134503
13.684643
20
19.612903, -95.052632, 2.374658
-31.032258, 35.941520, 12.637519
-6.193548, 33.894737, 14.458750
28.000000, 17.520468, 17.229151
39.612903, 12.198830, 18.162618
46.064516, 3.602339, 18.948036
48.645161, -13.590643, 20.218480
46.064516, -36.105263, 21.874500
39.612903, -63.941520, 23.962543
28.967742, -72.947368, 24.981468
5.096774, -73.766082, 26.726856
-6.838710, -70.900585, 27.623820
-17.806452, -65.169591, 28.528104
-25.225806, -56.982456, 29.335491
-29.096774, -43.473684, 30.362368
-29.741935, -28.736842, 31.440289
-27.806452, -16.456140, 32.348773
-24.258065, -7.450292, 33.056113
-18.129032, -1.719298, 33.669284
0.000000, 0.000000, 35.000000
5
23.064516, -3.888889
21.451613, -5.116959
23.387097, -6.754386
25.000000, -5.526316
24.354839, -4.298246
9.067765
37
35.096774, 40.116959, -9.505827
-28.129032, 7.777778, -1.674087
-37.806452, 1.228070, -0.385400
-42.645161, -12.280702, 1.197042
-44.258065, -22.105263, 2.295006
-44.903226, -29.473684, 3.110710
-51.677419, -31.520468, 3.891129
-54.903226, -24.152047, 4.778183
-49.419355, -17.192982, 5.755282
-41.677419, -17.192982, 6.609068
-37.161290, -22.923977, 7.413738
-40.064516, -30.701754, 8.329284
-49.741935, -39.298246, 9.756780
-59.419355, -35.614035, 10.898736
-61.677419, -27.836257, 11.791892
-60.064516, -19.239766, 12.756462
-55.225806, -13.099415, 13.618608
-47.483871, -9.415205, 14.564139
-39.096774, -9.005848, 15.490176
-32.645161, -11.461988, 16.251480
-29.741935, -19.239766, 17.167027
-29.741935, -26.608187, 17.979622
-41.032258, -33.157895, 19.419071
-46.193548, -32.339181, 19.995379
-56.516129, -29.883041, 21.165542
-62.645161, -24.970760, 22.031759
-65.225806, -18.830409, 22.766295
-64.258065, -10.643275, 23.675464
-60.064516, -9.824561, 24.146663
-56.838710, -13.918129, 24.721427
-54.580645, -21.695906, 25.614583
-53.935484, -29.883041, 26.520266
-53.290323, -35.204678, 27.111437
-50.387097, -39.298246, 27.664888
-46.838710, -40.116959, 28.066488
-43.290323, -40.526316, 28.460403
0.000000, 0.000000, 35.000000
