6
5
-12.741935, 38.274854
-18.870968, 32.953216
-16.290323, 26.812865
-6.612903, 27.222222
-5.645161, 35.000000
7.920687
37
48.322581, 28.736842, -7.613377
35.419355, 25.052632, -5.919219
22.193548, 21.368421, -4.185865
9.612903, 16.456140, -2.480751
0.580645, 13.590643, -1.284402
-8.774194, 9.497076, 0.004789
-15.548387, 4.175439, 1.092384
-20.064516, 0.491228, 1.828214
-24.258065, -4.421053, 2.643650
-28.129032, -9.742690, 3.474461
-30.387097, -17.520468, 4.496965
-31.032258, -23.660819, 5.276462
-30.709677, -29.801170, 6.052760
-29.741935, -38.397661, 7.144937
-28.129032, -47.812865, 8.350938
-25.225806, -58.046784, 9.693973
-21.677419, -65.005848, 10.680188
-16.516129, -71.555556, 11.732991
-10.387097, -75.649123, 12.663512
-3.290323, -78.923977, 13.650287
4.129032, -78.923977, 14.586993
14.451613, -78.514620, 15.891261
24.451613, -77.695906, 17.158002
32.838710, -75.239766, 18.261358
40.580645, -70.736842, 19.392096
46.709677, -63.777778, 20.562862
51.870968, -55.181287, 21.828774
53.806452, -42.081871, 23.500552
54.451613, -33.076023, 24.640469
54.129032, -20.385965, 26.243128
53.483871, -12.608187, 27.228458
51.548387, -5.239766, 28.190291
47.354839, -1.146199, 28.930164
43.161290, 1.309942, 29.543733
37.677419, 1.719298, 30.238007
31.548387, 1.309942, 31.013531
0.000000, 0.000000, 35.000000
5
18.548387, -23.947368
13.064516, -30.497076
20.806452, -34.181287
26.612903, -28.450292
23.709677, -22.719298
7.240273
55
-32.645161, 4.421053, -28.475981
-38.129032, 9.333333, -27.459129
-41.354839, 16.701754, -26.348176
-42.967742, 25.298246, -25.140143
-42.000000, 33.894737, -23.945328
-40.387097, 37.578947, -23.389851
-36.516129, 41.263158, -22.651765
-31.677419, 42.491228, -21.962271
-21.677419, 41.672515, -20.576487
-13.612903, 40.444444, -19.449805
-4.580645, 38.397661, -18.170673
1.225806, 33.894737, -17.155812
3.483871, 26.526316, -16.091397
2.193548, 15.473684, -14.554481
0.258065, 8.923977, -13.611188
-2.967742, 3.602339, -12.751691
-8.774194, -1.309942, -11.701231
-16.193548, -3.356725, -10.638219
-26.838710, -2.538012, -9.163606
-34.903226, 0.736842, -7.961430
-41.354839, 7.286550, -6.691646
-44.580645, 13.836257, -5.683259
-46.516129, 22.842105, -4.411003
-45.548387, 31.847953, -3.159988
-43.612903, 40.035088, -1.998042
-37.806452, 42.900585, -1.103735
-29.096774, 44.128655, 0.111112
-17.806452, 43.719298, 1.671515
-7.806452, 42.081871, 3.071072
0.903226, 37.169591, 4.452159
6.709677, 29.391813, 5.792732
7.354839, 19.567251, 7.152587
4.451613, 9.742690, 8.567526
-0.709677, 2.374269, 9.810056
-6.193548, -1.719298, 10.755221
-15.225806, -5.403509, 12.102511
-22.967742, -4.994152, 13.173292
-29.096774, -4.584795, 14.021698
-36.516129, -1.719298, 15.120204
-42.322581, 2.374269, 16.101434
-46.838710, 10.152047, 17.343631
-49.419355, 20.795322, 18.856235
-49.419355, 30.210526, 20.156629
-47.806452, 37.988304, 21.253722
-42.000000, 44.128655, 22.420938
-30.709677, 46.584795, 24.016789
-20.709677, 46.584795, 25.397952
-11.677419, 45.766082, 26.650569
-2.645161, 43.719298, 27.929701
4.129032, 38.807018, 29.085431
8.322581, 30.619883, 30.355914
9.612903, 23.660819, 31.333457
8.967742, 14.654971, 32.580499
7.354839, 8.923977, 33.402793
0.000000, 0.000000, 35.000000
7
-30.161290, -16.578947
-39.193548, -16.988304
-43.387097, -28.450292
-41.451613, -40.321637
-28.548387, -44.005848
-18.870968, -36.228070
-20.806452, -19.444444
11.911458
45
97.096774, 87.192982, 1.478876
90.967742, 83.508772, 2.079232
81.935484, 78.187135, 2.959342
73.225806, 72.865497, 3.816229
64.516129, 68.771930, 4.624166
55.483871, 61.812865, 5.581413
46.129032, 56.491228, 6.484960
36.774194, 49.941520, 7.443684
30.000000, 43.801170, 8.211260
21.935484, 37.251462, 9.083461
14.193548, 31.929825, 9.872158
6.451613, 25.380117, 10.723508
0.645161, 18.421053, 11.484398
-0.967742, 11.871345, 12.050691
-1.290323, 5.730994, 12.566902
2.258065, 2.046784, 12.996330
6.774194, 2.456140, 13.377026
9.032258, 4.912281, 13.657125
13.225806, 11.052632, 14.281373
18.064516, 16.783626, 14.911061
24.838710, 23.742690, 15.726390
32.903226, 30.701754, 16.620654
42.903226, 36.023392, 17.571658
52.580645, 42.982456, 18.572356
62.903226, 49.122807, 19.580697
67.741935, 54.444444, 20.184532
74.193548, 60.175439, 20.909000
79.032258, 63.859649, 21.419571
89.032258, 66.725146, 22.292886
93.870968, 65.497076, 22.711989
98.387097, 68.362573, 23.161010
98.387097, 76.140351, 23.813977
96.451613, 80.233918, 24.194120
90.322581, 78.187135, 24.736603
81.612903, 73.684211, 25.559746
74.193548, 70.409357, 26.240600
64.838710, 65.497076, 27.127658
54.516129, 58.128655, 28.192401
44.838710, 51.578947, 29.173431
34.838710, 44.210526, 30.216251
25.806452, 35.204678, 31.287058
18.709677, 28.654971, 32.097813
11.612903, 20.467836, 33.007427
6.451613, 14.327485, 33.680845
0.000000, 0.000000, 35.000000
6
-34.032258, 19.853801
-35.645161, 14.532164
-31.774194, 7.573099
-26.612903, 10.438596
-25.322581, 20.672515
-32.096774, 25.584795
9.782670
49
4.301075, -10.097466, -19.909645
3.333333, -18.693957, -19.025347
4.946237, -27.699805, -18.090108
13.333333, -40.799220, -16.500117
26.559140, -46.120858, -15.042816
35.913978, -47.348928, -14.078345
48.494624, -42.436647, -12.697774
52.688172, -35.886940, -11.902779
57.849462, -19.103314, -10.107839
56.881720, -11.325536, -9.306652
52.365591, -2.729045, -8.314023
44.623656, 0.955166, -7.437590
33.333333, 2.592593, -6.271401
22.365591, 3.820663, -5.143254
9.139785, 1.364522, -3.768176
2.688172, -6.003899, -2.767047
-0.537634, -14.191033, -1.867526
0.752688, -26.881092, -0.563640
6.881720, -38.752437, 0.802057
18.172043, -44.483431, 2.096344
29.462366, -44.074074, 3.251217
42.365591, -42.846004, 4.576165
49.462366, -40.389864, 5.343827
56.881720, -29.746589, 6.670056
58.817204, -19.103314, 7.775871
59.139785, -10.097466, 8.697054
52.365591, -2.729045, 9.720206
39.784946, 1.773879, 11.086113
27.526882, 3.820663, 12.356500
13.010753, 5.048733, 13.845662
7.204301, 4.230019, 14.445078
-2.150538, -1.910331, 15.588941
-2.795699, -9.688109, 16.386728
-2.795699, -25.653021, 18.018687
1.397849, -36.705653, 19.227093
8.817204, -43.664717, 20.266920
18.494624, -46.530214, 21.298617
28.494624, -48.167641, 22.334446
39.462366, -48.167641, 23.455586
47.204301, -45.302144, 24.299447
53.010753, -39.161793, 25.163318
57.849462, -27.699805, 26.435105
60.430108, -18.693957, 27.392747
57.526882, -5.185185, 28.805166
49.139785, 0.955166, 29.867716
40.752688, 3.001949, 30.750219
25.591398, 5.048733, 32.314089
15.591398, 4.639376, 33.337161
0.000000, 0.000000, 35.000000
5
-62.741935, -30.906433
-56.612903, -33.771930
-57.903226, -41.549708
-64.354839, -41.140351
-65.967742, -29.269006
10.397572
44
31.354839, -27.508772, -6.479631
21.032258, -29.146199, -5.474430
12.322581, -27.918129, -4.628480
2.645161, -29.146199, -3.690277
-2.516129, -23.824561, -2.977282
-3.161290, 10.561404, 0.330415
-3.806452, 13.836257, 0.651432
-4.451613, 19.157895, 1.166995
-5.419355, 29.801170, 2.194848
-5.096774, 41.263158, 3.297656
-4.774194, 53.543860, 4.479176
-5.096774, 60.912281, 5.188523
-6.064516, 83.426901, 7.355895
-2.838710, 97.754386, 8.768353
2.645161, 100.619883, 9.363435
7.806452, 101.847953, 9.873687
14.580645, 102.257310, 10.526392
28.129032, 102.666667, 11.830020
38.774194, 102.257310, 12.854589
45.225806, 95.707602, 13.738794
52.645161, 83.017544, 15.152568
55.548387, 77.695906, 15.735594
61.677419, 64.596491, 17.126530
63.290323, 58.865497, 17.699128
63.612903, 49.040936, 18.644527
60.709677, 40.444444, 19.517183
56.516129, 37.169591, 20.028914
51.677419, 32.666667, 20.664620
42.000000, 23.660819, 21.936032
35.548387, 15.883041, 22.907923
30.709677, 8.514620, 23.755731
24.903226, 0.327485, 24.721065
6.516129, -23.005848, 27.578213
2.322581, -29.964912, 28.359639
-1.225806, -30.783626, 28.709875
-5.419355, -28.327485, 29.177281
-6.387097, -21.777778, 29.814047
0.387097, -23.415205, 30.484326
4.258065, -28.327485, 31.085831
0.064516, -31.192982, 31.574317
-4.774194, -29.146199, 32.079608
-4.451613, -19.321637, 33.025007
-5.096774, -10.315789, 33.893376
0.000000, 0.000000, 35.000000
8
62.419355, -57.923977
55.322581, -61.608187
55.967742, -65.701754
62.419355, -66.520468
66.612903, -62.426901
65.967742, -51.783626
58.870968, -52.602339
54.032258, -58.742690
9.873496
52
3.508065, -0.716374, -21.592847
-8.427419, -2.353801, -20.372683
-16.814516, -2.763158, -19.522216
-31.975806, -1.944444, -17.984425
-48.104839, -2.763158, -16.348753
-61.975806, -1.944444, -14.941439
-75.201613, 2.558480, -13.526404
-76.169355, 13.611111, -12.402697
-71.653226, 26.301170, -11.038469
-63.588710, 39.809942, -9.445024
-53.911290, 49.225146, -8.077545
-45.524194, 56.593567, -6.946831
-31.975806, 66.418129, -5.251827
-23.266129, 74.195906, -4.069166
-8.427419, 82.383041, -2.352706
-0.040323, 78.289474, -1.407471
0.604839, 72.558480, -0.823362
0.927419, 63.552632, 0.089346
0.927419, 49.634503, 1.498991
2.217742, 33.669591, 3.121210
2.862903, 20.160819, 4.490955
2.540323, -2.353801, 6.771498
-11.653226, -2.763158, 8.209636
-17.137097, -2.763158, 8.765049
-26.814516, -1.535088, 9.753051
-33.266129, -2.353801, 10.411718
-45.524194, -3.172515, 11.655996
-54.556452, -3.172515, 12.570795
-59.717742, -3.172515, 13.093537
-74.879032, -1.944444, 14.634120
-76.491935, 1.739766, 15.041453
-76.169355, 10.745614, 15.954162
-73.588710, 18.114035, 16.744891
-70.685484, 27.529240, 17.742780
-68.104839, 33.260234, 18.379355
-62.620968, 38.991228, 19.182721
-58.427419, 43.494152, 19.805928
-52.620968, 48.406433, 20.576234
-44.556452, 54.137427, 21.578257
-37.137097, 58.640351, 22.457266
-28.427419, 66.008772, 23.612725
-20.685484, 73.786550, 24.724198
-13.911290, 78.698830, 25.571700
-7.459677, 82.383041, 26.324164
-4.233871, 81.564327, 26.661236
-2.298387, 77.470760, 27.119844
-1.653226, 62.324561, 28.655261
-0.685484, 49.634503, 29.944258
0.604839, 36.535088, 31.277404
2.217742, 23.026316, 32.655307
1.895161, 15.248538, 33.443727
0.000000, 0.000000, 35.000000
