450
10
15.212520, -12.777918
14.712531, -12.414655
14.094511, -12.414655
13.594522, -12.777918
13.403543, -13.365690
13.594522, -13.953462
14.094511, -14.316725
14.712531, -14.316725
15.212520, -13.953462
15.403499, -13.365690
1
10
21.310131, -29.807183
20.874041, -29.490345
20.335004, -29.490345
19.898914, -29.807183
19.732343, -30.319838
19.898914, -30.832492
20.335004, -31.149330
20.874041, -31.149330
21.310131, -30.832492
21.476703, -30.319838
1
10
-19.169748, 2.724178
-19.529072, 2.985242
-19.973221, 2.985242
-20.332546, 2.724178
-20.469795, 2.301767
-20.332546, 1.879356
-19.973221, 1.618292
-19.529072, 1.618292
-19.169748, 1.879356
-19.032498, 2.301767
1
10
-49.193754, 27.777629
-49.398402, 27.926314
-49.651362, 27.926314
-49.856010, 27.777629
-49.934179, 27.537050
-49.856010, 27.296471
-49.651362, 27.147786
-49.398402, 27.147786
-49.193754, 27.296471
-49.115585, 27.537050
1
10
-29.236125, 29.746143
-29.462338, 29.910496
-29.741952, 29.910496
-29.968165, 29.746143
-30.054570, 29.480214
-29.968165, 29.214285
-29.741952, 29.049932
-29.462338, 29.049932
-29.236125, 29.214285
-29.149719, 29.480214
1
10
33.521275, 50.047384
33.248009, 50.245923
32.910234, 50.245923
32.636968, 50.047384
32.532590, 49.726140
32.636968, 49.404897
32.910234, 49.206357
33.248009, 49.206357
33.521275, 49.404897
33.625654, 49.726140
1
10
40.216427, 3.267545
40.060583, 3.380772
39.867949, 3.380772
39.712105, 3.267545
39.652578, 3.084339
39.712105, 2.901134
39.867949, 2.787906
40.060583, 2.787906
40.216427, 2.901134
40.275954, 3.084339
1
10
-7.395796, -47.565204
-7.858867, -47.228763
-8.431253, -47.228763
-8.894324, -47.565204
-9.071201, -48.109576
-8.894324, -48.653948
-8.431253, -48.990388
-7.858867, -48.990388
-7.395796, -48.653948
-7.218919, -48.109576
1
10
-11.997774, -48.447775
-12.310705, -48.220417
-12.697509, -48.220417
-13.010440, -48.447775
-13.129969, -48.815647
-13.010440, -49.183520
-12.697509, -49.410878
-12.310705, -49.410878
-11.997774, -49.183520
-11.878245, -48.815647
1
10
-5.155468, 35.612127
-5.468292, 35.839407
-5.854963, 35.839407
-6.167786, 35.612127
-6.287274, 35.244381
-6.167786, 34.876635
-5.854963, 34.649355
-5.468292, 34.649355
-5.155468, 34.876635
-5.035980, 35.244381
1
10
-38.010979, 29.699186
-38.486539, 30.044701
-39.074363, 30.044701
-39.549923, 29.699186
-39.731571, 29.140132
-39.549923, 28.581078
-39.074363, 28.235563
-38.486539, 28.235563
-38.010979, 28.581078
-37.829331, 29.140132
1
10
35.840353, -34.316552
35.684865, -34.203584
35.492672, -34.203584
35.337184, -34.316552
35.277793, -34.499339
35.337184, -34.682126
35.492672, -34.795094
35.684865, -34.795094
35.840353, -34.682126
35.899744, -34.499339
1
10
13.048762, -40.142641
12.911224, -40.042714
12.741219, -40.042714
12.603682, -40.142641
12.551147, -40.304326
12.603682, -40.466010
12.741219, -40.565937
12.911224, -40.565937
13.048762, -40.466010
13.101296, -40.304326
1
10
-17.082224, 14.909625
-17.426328, 15.159631
-17.851663, 15.159631
-18.195766, 14.909625
-18.327202, 14.505107
-18.195766, 14.100589
-17.851663, 13.850583
-17.426328, 13.850583
-17.082224, 14.100589
-16.950788, 14.505107
1
10
17.650641, 29.583433
17.383068, 29.777836
17.052329, 29.777836
16.784757, 29.583433
16.682553, 29.268882
16.784757, 28.954331
17.052329, 28.759928
17.383068, 28.759928
17.650641, 28.954331
17.752844, 29.268882
1
10
-41.391818, -6.087601
-41.811371, -5.782778
-42.329966, -5.782778
-42.749519, -6.087601
-42.909774, -6.580815
-42.749519, -7.074029
-42.329966, -7.378852
-41.811371, -7.378852
-41.391818, -7.074029
-41.231563, -6.580815
1
10
-19.248777, 23.594303
-19.411351, 23.712420
-19.612303, 23.712420
-19.774877, 23.594303
-19.836975, 23.403186
-19.774877, 23.212069
-19.612303, 23.093952
-19.411351, 23.093952
-19.248777, 23.212069
-19.186679, 23.403186
1
10
-32.042652, 43.006070
-32.463311, 43.311696
-32.983273, 43.311696
-33.403932, 43.006070
-33.564609, 42.511556
-33.403932, 42.017043
-32.983273, 41.711416
-32.463311, 41.711416
-32.042652, 42.017043
-31.881975, 42.511556
1
10
28.636863, 38.278612
28.170718, 38.617287
27.594530, 38.617287
27.128385, 38.278612
26.950333, 37.730626
27.128385, 37.182639
27.594530, 36.843965
28.170718, 36.843965
28.636863, 37.182639
28.814915, 37.730626
1
10
43.416300, -9.325013
43.182869, -9.155416
42.894332, -9.155416
42.660901, -9.325013
42.571738, -9.599428
42.660901, -9.873843
42.894332, -10.043440
43.182869, -10.043440
43.416300, -9.873843
43.505462, -9.599428
1
10
27.242714, 44.658155
27.012940, 44.825096
26.728924, 44.825096
26.499151, 44.658155
26.411385, 44.388040
26.499151, 44.117925
26.728924, 43.950984
27.012940, 43.950984
27.242714, 44.117925
27.330480, 44.388040
1
10
-12.397376, -22.322842
-12.699953, -22.103006
-13.073959, -22.103006
-13.376536, -22.322842
-13.492110, -22.678542
-13.376536, -23.034243
-13.073959, -23.254078
-12.699953, -23.254078
-12.397376, -23.034243
-12.281802, -22.678542
1
10
46.584718, -39.439039
46.256976, -39.200921
45.851865, -39.200921
45.524123, -39.439039
45.398937, -39.824323
45.524123, -40.209606
45.851865, -40.447725
46.256976, -40.447725
46.584718, -40.209606
46.709904, -39.824323
1
10
-18.788218, -34.501666
-19.071701, -34.295703
-19.422106, -34.295703
-19.705589, -34.501666
-19.813870, -34.834920
-19.705589, -35.168175
-19.422106, -35.374138
-19.071701, -35.374138
-18.788218, -35.168175
-18.679936, -34.834920
1
10
-17.264687, 5.868940
-17.458852, 6.010009
-17.698853, 6.010009
-17.893018, 5.868940
-17.967183, 5.640686
-17.893018, 5.412431
-17.698853, 5.271362
-17.458852, 5.271362
-17.264687, 5.412431
-17.190523, 5.640686
1
10
-27.756108, 7.073674
-28.221850, 7.412056
-28.797540, 7.412056
-29.263282, 7.073674
-29.441180, 6.526161
-29.263282, 5.978648
-28.797540, 5.640266
-28.221850, 5.640266
-27.756108, 5.978648
-27.578210, 6.526161
1
10
20.643167, 39.020796
20.239469, 39.314100
19.740471, 39.314100
19.336773, 39.020796
19.182574, 38.546220
19.336773, 38.071645
19.740471, 37.778341
20.239469, 37.778341
20.643167, 38.071645
20.797366, 38.546220
1
10
-4.759680, -37.578667
-5.236906, -37.231942
-5.826790, -37.231942
-6.304016, -37.578667
-6.486300, -38.139680
-6.304016, -38.700693
-5.826790, -39.047418
-5.236906, -39.047418
-4.759680, -38.700693
-4.577396, -38.139680
1
10
10.025231, -16.622621
9.790356, -16.451974
9.500034, -16.451974
9.265158, -16.622621
9.175444, -16.898734
9.265158, -17.174847
9.500034, -17.345494
9.790356, -17.345494
10.025231, -17.174847
10.114946, -16.898734
1
10
1.184210, 35.041942
0.704586, 35.390409
0.111738, 35.390409
-0.367886, 35.041942
-0.551086, 34.478110
-0.367886, 33.914278
0.111738, 33.565811
0.704586, 33.565811
1.184210, 33.914278
1.367410, 34.478110
1
10
35.349393, 4.778373
35.029078, 5.011096
34.633147, 5.011096
34.312832, 4.778373
34.190483, 4.401821
34.312832, 4.025268
34.633147, 3.792546
35.029078, 3.792546
35.349393, 4.025268
35.471742, 4.401821
1
10
2.993191, 12.778117
2.763638, 12.944897
2.479894, 12.944897
2.250341, 12.778117
2.162660, 12.508261
2.250341, 12.238405
2.479894, 12.071625
2.763638, 12.071625
2.993191, 12.238405
3.080873, 12.508261
1
10
2.557849, -16.707620
2.329689, -16.541852
2.047667, -16.541852
1.819506, -16.707620
1.732357, -16.975839
1.819506, -17.244058
2.047667, -17.409826
2.329689, -17.409826
2.557849, -17.244058
2.644999, -16.975839
1
10
-12.049507, 49.111256
-12.457015, 49.407327
-12.960722, 49.407327
-13.368229, 49.111256
-13.523883, 48.632202
-13.368229, 48.153148
-12.960722, 47.857076
-12.457015, 47.857076
-12.049507, 48.153148
-11.893853, 48.632202
1
10
-4.894501, 34.945800
-5.207535, 35.173233
-5.594466, 35.173233
-5.907501, 34.945800
-6.027069, 34.577807
-5.907501, 34.209813
-5.594466, 33.982380
-5.207535, 33.982380
-4.894501, 34.209813
-4.774932, 34.577807
1
10
5.554714, 24.542927
5.327557, 24.707966
5.046776, 24.707966
4.819619, 24.542927
4.732852, 24.275888
4.819619, 24.008849
5.046776, 23.843810
5.327557, 23.843810
5.554714, 24.008849
5.641480, 24.275888
1
10
-10.863395, 25.725522
-11.173446, 25.950787
-11.556691, 25.950787
-11.866743, 25.725522
-11.985172, 25.361034
-11.866743, 24.996547
-11.556691, 24.771281
-11.173446, 24.771281
-10.863395, 24.996547
-10.744965, 25.361034
1
10
16.923032, 40.481359
16.672673, 40.663256
16.363212, 40.663256
16.112853, 40.481359
16.017224, 40.187045
16.112853, 39.892730
16.363212, 39.710833
16.672673, 39.710833
16.923032, 39.892730
17.018661, 40.187045
1
10
-20.129960, 12.037499
-20.323389, 12.178034
-20.562482, 12.178034
-20.755911, 12.037499
-20.829795, 11.810109
-20.755911, 11.582719
-20.562482, 11.442184
-20.323389, 11.442184
-20.129960, 11.582719
-20.056076, 11.810109
1
10
-28.517072, 30.830141
-28.682842, 30.950580
-28.887744, 30.950580
-29.053514, 30.830141
-29.116832, 30.635267
-29.053514, 30.440393
-28.887744, 30.319955
-28.682842, 30.319955
-28.517072, 30.440393
-28.453754, 30.635267
1
10
18.159053, -30.200695
17.894632, -30.008582
17.567789, -30.008582
17.303368, -30.200695
17.202368, -30.511540
17.303368, -30.822386
17.567789, -31.014499
17.894632, -31.014499
18.159053, -30.822386
18.260053, -30.511540
1
10
4.610383, -24.422182
4.215702, -24.135430
3.727849, -24.135430
3.333168, -24.422182
3.182413, -24.886158
3.333168, -25.350133
3.727849, -25.636886
4.215702, -25.636886
4.610383, -25.350133
4.761138, -24.886158
1
10
-17.188718, -45.731301
-17.618166, -45.419289
-18.148993, -45.419289
-18.578441, -45.731301
-18.742476, -46.236147
-18.578441, -46.740993
-18.148993, -47.053006
-17.618166, -47.053006
-17.188718, -46.740993
-17.024684, -46.236147
1
10
-45.082294, -19.966627
-45.321263, -19.793006
-45.616645, -19.793006
-45.855614, -19.966627
-45.946892, -20.247552
-45.855614, -20.528477
-45.616645, -20.702098
-45.321263, -20.702098
-45.082294, -20.528477
-44.991016, -20.247552
1
10
4.323304, -37.482554
3.900079, -37.175063
3.376944, -37.175063
2.953719, -37.482554
2.792061, -37.980085
2.953719, -38.477616
3.376944, -38.785107
3.900079, -38.785107
4.323304, -38.477616
4.484961, -37.980085
1
10
0.961721, -26.688077
0.524990, -26.370773
-0.014839, -26.370773
-0.451570, -26.688077
-0.618386, -27.201485
-0.451570, -27.714892
-0.014839, -28.032196
0.524990, -28.032196
0.961721, -27.714892
1.128537, -27.201485
1
10
-37.993300, 50.413730
-38.402664, 50.711149
-38.908664, 50.711149
-39.318028, 50.413730
-39.474391, 49.932494
-39.318028, 49.451259
-38.908664, 49.153839
-38.402664, 49.153839
-37.993300, 49.451259
-37.836937, 49.932494
1
10
2.213590, -2.070447
1.986400, -1.905383
1.705577, -1.905383
1.478386, -2.070447
1.391607, -2.337525
1.478386, -2.604604
1.705577, -2.769667
1.986400, -2.769667
2.213590, -2.604604
2.300369, -2.337525
1
10
46.793335, -17.708692
46.498478, -17.494466
46.134014, -17.494466
45.839157, -17.708692
45.726532, -18.055318
45.839157, -18.401943
46.134014, -18.616169
46.498478, -18.616169
46.793335, -18.401943
46.905960, -18.055318
1
10
3.774278, 28.666722
3.494652, 28.869882
3.149016, 28.869882
2.869390, 28.666722
2.762583, 28.338002
2.869390, 28.009282
3.149016, 27.806122
3.494652, 27.806122
3.774278, 28.009282
3.881086, 28.338002
1
10
41.711236, -37.403333
41.259061, -37.074809
40.700142, -37.074809
40.247967, -37.403333
40.075252, -37.934897
40.247967, -38.466460
40.700142, -38.794985
41.259061, -38.794985
41.711236, -38.466460
41.883952, -37.934897
1
10
15.424300, -6.643018
15.247864, -6.514829
15.029777, -6.514829
14.853341, -6.643018
14.785948, -6.850431
14.853341, -7.057844
15.029777, -7.186032
15.247864, -7.186032
15.424300, -7.057844
15.491693, -6.850431
1
10
-47.945495, -13.271560
-48.076985, -13.176027
-48.239517, -13.176027
-48.371008, -13.271560
-48.421233, -13.426137
-48.371008, -13.580714
-48.239517, -13.676248
-48.076985, -13.676248
-47.945495, -13.580714
-47.895270, -13.426137
1
10
-2.140774, -36.314684
-2.582594, -35.993683
-3.128714, -35.993683
-3.570533, -36.314684
-3.739294, -36.834074
-3.570533, -37.353465
-3.128714, -37.674465
-2.582594, -37.674465
-2.140774, -37.353465
-1.972014, -36.834074
1
10
46.390548, -29.914786
45.988895, -29.622968
45.492424, -29.622968
45.090771, -29.914786
44.937353, -30.386957
45.090771, -30.859129
45.492424, -31.150947
45.988895, -31.150947
46.390548, -30.859129
46.543966, -30.386957
1
10
-44.166872, 1.648690
-44.336417, 1.771871
-44.545985, 1.771871
-44.715529, 1.648690
-44.780289, 1.449378
-44.715529, 1.250067
-44.545985, 1.126886
-44.336417, 1.126886
-44.166872, 1.250067
-44.102112, 1.449378
1
10
14.504851, -33.559951
14.356724, -33.452330
14.173629, -33.452330
14.025502, -33.559951
13.968922, -33.734084
14.025502, -33.908218
14.173629, -34.015839
14.356724, -34.015839
14.504851, -33.908218
14.561431, -33.734084
1
10
6.276064, -35.252902
6.012958, -35.061745
5.687742, -35.061745
5.424636, -35.252902
5.324139, -35.562202
5.424636, -35.871501
5.687742, -36.062658
6.012958, -36.062658
6.276064, -35.871501
6.376561, -35.562202
1
10
-29.187090, -49.477949
-29.615840, -49.166444
-30.145805, -49.166444
-30.574555, -49.477949
-30.738323, -49.981976
-30.574555, -50.486002
-30.145805, -50.797507
-29.615840, -50.797507
-29.187090, -50.486002
-29.023322, -49.981976
1
10
40.731246, -5.626440
40.469058, -5.435950
40.144976, -5.435950
39.882789, -5.626440
39.782642, -5.934661
39.882789, -6.242881
40.144976, -6.433372
40.469058, -6.433372
40.731246, -6.242881
40.831393, -5.934661
1
10
-12.810537, -20.697433
-13.248697, -20.379091
-13.790293, -20.379091
-14.228453, -20.697433
-14.395815, -21.212521
-14.228453, -21.727609
-13.790293, -22.045951
-13.248697, -22.045951
-12.810537, -21.727609
-12.643175, -21.212521
1
10
48.194407, -28.130397
47.819652, -27.858121
47.356430, -27.858121
46.981675, -28.130397
46.838532, -28.570947
46.981675, -29.011498
47.356430, -29.283773
47.819652, -29.283773
48.194407, -29.011498
48.337550, -28.570947
1
10
-5.209206, -8.201080
-5.651663, -7.879616
-6.198570, -7.879616
-6.641027, -8.201080
-6.810031, -8.721220
-6.641027, -9.241359
-6.198570, -9.562823
-5.651663, -9.562823
-5.209206, -9.241359
-5.040202, -8.721220
1
10
0.870748, -26.637360
0.478732, -26.352544
-0.005827, -26.352544
-0.397843, -26.637360
-0.547580, -27.098203
-0.397843, -27.559045
-0.005827, -27.843861
0.478732, -27.843861
0.870748, -27.559045
1.020484, -27.098203
1
10
-6.014459, -7.847915
-6.488684, -7.503371
-7.074857, -7.503371
-7.549082, -7.847915
-7.730219, -8.405399
-7.549082, -8.962883
-7.074857, -9.307427
-6.488684, -9.307427
-6.014459, -8.962883
-5.833322, -8.405399
1
10
-34.828430, -47.682310
-35.112436, -47.475968
-35.463488, -47.475968
-35.747494, -47.682310
-35.855975, -48.016180
-35.747494, -48.350050
-35.463488, -48.556393
-35.112436, -48.556393
-34.828430, -48.350050
-34.719949, -48.016180
1
10
45.071720, 23.361486
44.829754, 23.537284
44.530668, 23.537284
44.288702, 23.361486
44.196280, 23.077038
44.288702, 22.792590
44.530668, 22.616792
44.829754, 22.616792
45.071720, 22.792590
45.164143, 23.077038
1
10
-33.772726, 49.434197
-34.217563, 49.757390
-34.767412, 49.757390
-35.212249, 49.434197
-35.382162, 48.911260
-35.212249, 48.388323
-34.767412, 48.065130
-34.217563, 48.065130
-33.772726, 48.388323
-33.602814, 48.911260
1
10
18.109635, -22.503034
17.646179, -22.166313
17.073316, -22.166313
16.609859, -22.503034
16.432835, -23.047859
16.609859, -23.592684
17.073316, -23.929405
17.646179, -23.929405
18.109635, -23.592684
18.286660, -23.047859
1
10
-22.972843, 35.696873
-23.255016, 35.901884
-23.603802, 35.901884
-23.885975, 35.696873
-23.993756, 35.365158
-23.885975, 35.033444
-23.603802, 34.828433
-23.255016, 34.828433
-22.972843, 35.033444
-22.865062, 35.365158
1
10
-40.729362, 44.055809
-41.163200, 44.371011
-41.699453, 44.371011
-42.133291, 44.055809
-42.299002, 43.545802
-42.133291, 43.035795
-41.699453, 42.720593
-41.163200, 42.720593
-40.729362, 43.035795
-40.563650, 43.545802
1
10
44.046089, 14.284909
43.551146, 14.644506
42.939362, 14.644506
42.444419, 14.284909
42.255368, 13.703068
42.444419, 13.121227
42.939362, 12.761630
43.551146, 12.761630
44.046089, 13.121227
44.235141, 13.703068
1
10
13.295495, -6.822212
13.066613, -6.655920
12.783700, -6.655920
12.554819, -6.822212
12.467394, -7.091278
12.554819, -7.360345
12.783700, -7.526637
13.066613, -7.526637
13.295495, -7.360345
13.382920, -7.091278
1
10
33.714498, 43.513856
33.231532, 43.864751
32.634554, 43.864751
32.151588, 43.513856
31.967111, 42.946096
32.151588, 42.378335
32.634554, 42.027440
33.231532, 42.027440
33.714498, 42.378335
33.898975, 42.946096
1
10
-32.531011, -31.398534
-33.011401, -31.049511
-33.605195, -31.049511
-34.085584, -31.398534
-34.269077, -31.963266
-34.085584, -32.527998
-33.605195, -32.877021
-33.011401, -32.877021
-32.531011, -32.527998
-32.347519, -31.963266
1
10
13.801685, 5.075634
13.434207, 5.342622
12.979981, 5.342622
12.612503, 5.075634
12.472139, 4.643638
12.612503, 4.211643
12.979981, 3.944655
13.434207, 3.944655
13.801685, 4.211643
13.942048, 4.643638
1
10
49.779965, 31.859026
49.312456, 32.198691
48.734582, 32.198691
48.267073, 31.859026
48.088500, 31.309435
48.267073, 30.759845
48.734582, 30.420179
49.312456, 30.420179
49.779965, 30.759845
49.958538, 31.309435
1
10
6.383845, -18.371059
6.092362, -18.159284
5.732068, -18.159284
5.440584, -18.371059
5.329247, -18.713719
5.440584, -19.056379
5.732068, -19.268154
6.092362, -19.268154
6.383845, -19.056379
6.495182, -18.713719
1
10
-22.736521, -35.243320
-23.149166, -34.943516
-23.659222, -34.943516
-24.071867, -35.243320
-24.229483, -35.728412
-24.071867, -36.213505
-23.659222, -36.513308
-23.149166, -36.513308
-22.736521, -36.213505
-22.578905, -35.728412
1
10
11.387859, -27.868816
11.086851, -27.650121
10.714785, -27.650121
10.413777, -27.868816
10.298802, -28.222672
10.413777, -28.576528
10.714785, -28.795223
11.086851, -28.795223
11.387859, -28.576528
11.502834, -28.222672
1
10
30.224441, 9.156988
29.756853, 9.496710
29.178883, 9.496710
28.711295, 9.156988
28.532693, 8.607306
28.711295, 8.057623
29.178883, 7.717901
29.756853, 7.717901
30.224441, 8.057623
30.403044, 8.607306
1
10
25.844703, 31.400294
25.447072, 31.689189
24.955574, 31.689189
24.557943, 31.400294
24.406062, 30.932851
24.557943, 30.465409
24.955574, 30.176513
25.447072, 30.176513
25.844703, 30.465409
25.996584, 30.932851
1
10
35.112681, 12.006206
34.757610, 12.264179
34.318720, 12.264179
33.963650, 12.006206
33.828025, 11.588796
33.963650, 11.171386
34.318720, 10.913412
34.757610, 10.913412
35.112681, 11.171386
35.248305, 11.588796
1
10
-48.311449, 6.837965
-48.756728, 7.161479
-49.307123, 7.161479
-49.752402, 6.837965
-49.922483, 6.314508
-49.752402, 5.791051
-49.307123, 5.467537
-48.756728, 5.467537
-48.311449, 5.791051
-48.141367, 6.314508
1
10
-4.556977, -15.984950
-4.713915, -15.870928
-4.907902, -15.870928
-5.064840, -15.984950
-5.124785, -16.169442
-5.064840, -16.353934
-4.907902, -16.467956
-4.713915, -16.467956
-4.556977, -16.353934
-4.497032, -16.169442
1
10
40.232741, -4.988503
39.772647, -4.654226
39.203941, -4.654226
38.743848, -4.988503
38.568108, -5.529375
38.743848, -6.070247
39.203941, -6.404524
39.772647, -6.404524
40.232741, -6.070247
40.408481, -5.529375
1
10
2.928348, -4.546179
2.798047, -4.451509
2.636987, -4.451509
2.506686, -4.546179
2.456915, -4.699357
2.506686, -4.852534
2.636987, -4.947204
2.798047, -4.947204
2.928348, -4.852534
2.978119, -4.699357
1
10
-22.890427, 30.103739
-23.092440, 30.250511
-23.342142, 30.250511
-23.544155, 30.103739
-23.621317, 29.866259
-23.544155, 29.628778
-23.342142, 29.482007
-23.092440, 29.482007
-22.890427, 29.628778
-22.813265, 29.866259
1
10
14.542825, 19.556820
14.381422, 19.674086
14.181918, 19.674086
14.020516, 19.556820
13.958866, 19.367081
14.020516, 19.177341
14.181918, 19.060075
14.381422, 19.060075
14.542825, 19.177341
14.604475, 19.367081
1
10
24.596397, 48.091496
24.187373, 48.388670
23.681791, 48.388670
23.272767, 48.091496
23.116534, 47.610660
23.272767, 47.129823
23.681791, 46.832649
24.187373, 46.832649
24.596397, 47.129823
24.752631, 47.610660
1
10
-28.590777, -31.950314
-29.057335, -31.611339
-29.634033, -31.611339
-30.100591, -31.950314
-30.278800, -32.498786
-30.100591, -33.047258
-29.634033, -33.386232
-29.057335, -33.386232
-28.590777, -33.047258
-28.412567, -32.498786
1
10
-22.573519, -30.717999
-22.861811, -30.508543
-23.218160, -30.508543
-23.506452, -30.717999
-23.616570, -31.056907
-23.506452, -31.395815
-23.218160, -31.605271
-22.861811, -31.605271
-22.573519, -31.395815
-22.463401, -31.056907
1
10
41.873308, -30.528356
41.482426, -30.244364
40.999270, -30.244364
40.608388, -30.528356
40.459084, -30.987866
40.608388, -31.447375
40.999270, -31.731367
41.482426, -31.731367
41.873308, -31.447375
42.022612, -30.987866
1
10
26.745680, -22.508378
26.510027, -22.337167
26.218744, -22.337167
25.983092, -22.508378
25.893080, -22.785405
25.983092, -23.062431
26.218744, -23.233643
26.510027, -23.233643
26.745680, -23.062431
26.835691, -22.785405
1
10
46.555272, -28.345551
46.287552, -28.151040
45.956631, -28.151040
45.688910, -28.345551
45.586650, -28.660275
45.688910, -28.974999
45.956631, -29.169510
46.287552, -29.169510
46.555272, -28.974999
46.657532, -28.660275
1
10
17.389885, -12.136049
17.008711, -11.859110
16.537554, -11.859110
16.156380, -12.136049
16.010785, -12.584146
16.156380, -13.032243
16.537554, -13.309182
17.008711, -13.309182
17.389885, -13.032243
17.535481, -12.584146
1
10
48.157475, 17.346771
47.770938, 17.627607
47.293151, 17.627607
46.906614, 17.346771
46.758970, 16.892369
46.906614, 16.437967
47.293151, 16.157131
47.770938, 16.157131
48.157475, 16.437967
48.305119, 16.892369
1
10
-24.576305, 37.741901
-24.992518, 38.044298
-25.506985, 38.044298
-25.923198, 37.741901
-26.082177, 37.252614
-25.923198, 36.763326
-25.506985, 36.460930
-24.992518, 36.460930
-24.576305, 36.763326
-24.417326, 37.252614
1
10
-35.451674, -24.329272
-35.785579, -24.086676
-36.198308, -24.086676
-36.532213, -24.329272
-36.659753, -24.721801
-36.532213, -25.114330
-36.198308, -25.356926
-35.785579, -25.356926
-35.451674, -25.114330
-35.324133, -24.721801
1
10
1.660009, 48.092081
1.242541, 48.395389
0.726523, 48.395389
0.309055, 48.092081
0.149597, 47.601318
0.309055, 47.110556
0.726523, 46.807248
1.242541, 46.807248
1.660009, 47.110556
1.819467, 47.601318
1
10
-25.015462, -40.630907
-25.441754, -40.321187
-25.968680, -40.321187
-26.394973, -40.630907
-26.557802, -41.132043
-26.394973, -41.633180
-25.968680, -41.942900
-25.441754, -41.942900
-25.015462, -41.633180
-24.852633, -41.132043
1
10
20.765913, 42.889623
20.489982, 43.090099
20.148912, 43.090099
19.872981, 42.889623
19.767584, 42.565246
19.872981, 42.240869
20.148912, 42.040393
20.489982, 42.040393
20.765913, 42.240869
20.871310, 42.565246
1
10
-24.034217, 24.318661
-24.311322, 24.519989
-24.653842, 24.519989
-24.930947, 24.318661
-25.036792, 23.992905
-24.930947, 23.667149
-24.653842, 23.465820
-24.311322, 23.465820
-24.034217, 23.667149
-23.928373, 23.992905
1
10
4.713282, -33.550184
4.224677, -33.195191
3.620728, -33.195191
3.132123, -33.550184
2.945493, -34.124573
3.132123, -34.698963
3.620728, -35.053955
4.224677, -35.053955
4.713282, -34.698963
4.899913, -34.124573
1
10
7.080620, -36.605120
6.756494, -36.369629
6.355853, -36.369629
6.031728, -36.605120
5.907923, -36.986153
6.031728, -37.367185
6.355853, -37.602676
6.756494, -37.602676
7.080620, -37.367185
7.204425, -36.986153
1
10
-25.496891, 36.554768
-25.966849, 36.896213
-26.547750, 36.896213
-27.017709, 36.554768
-27.197217, 36.002299
-27.017709, 35.449829
-26.547750, 35.108384
-25.966849, 35.108384
-25.496891, 35.449829
-25.317383, 36.002299
1
10
9.309337, -15.316098
8.811519, -14.954412
8.196183, -14.954412
7.698366, -15.316098
7.508217, -15.901317
7.698366, -16.486537
8.196183, -16.848222
8.811519, -16.848222
9.309337, -16.486537
9.499486, -15.901317
1
10
18.457001, -31.863284
18.243560, -31.708210
17.979731, -31.708210
17.766290, -31.863284
17.684763, -32.114200
17.766290, -32.365116
17.979731, -32.520190
18.243560, -32.520190
18.457001, -32.365116
18.538528, -32.114200
1
10
23.865973, 5.709966
23.726114, 5.811580
23.553237, 5.811580
23.413377, 5.709966
23.359956, 5.545551
23.413377, 5.381135
23.553237, 5.279521
23.726114, 5.279521
23.865973, 5.381135
23.919395, 5.545551
1
10
6.347839, 47.981976
5.957026, 48.265918
5.473955, 48.265918
5.083142, 47.981976
4.933865, 47.522548
5.083142, 47.063120
5.473955, 46.779178
5.957026, 46.779178
6.347839, 47.063120
6.497116, 47.522548
1
10
47.194845, 40.365085
46.852281, 40.613973
46.428848, 40.613973
46.086284, 40.365085
45.955436, 39.962377
46.086284, 39.559668
46.428848, 39.310781
46.852281, 39.310781
47.194845, 39.559668
47.325693, 39.962377
1
10
21.954012, 34.819095
21.570904, 35.097439
21.097357, 35.097439
20.714249, 34.819095
20.567915, 34.368725
20.714249, 33.918355
21.097357, 33.640011
21.570904, 33.640011
21.954012, 33.918355
22.100346, 34.368725
1
10
-33.341094, -35.660951
-33.595685, -35.475980
-33.910376, -35.475980
-34.164967, -35.660951
-34.262212, -35.960241
-34.164967, -36.259530
-33.910376, -36.444501
-33.595685, -36.444501
-33.341094, -36.259530
-33.243849, -35.960241
1
10
31.620195, -49.252146
31.406045, -49.096557
31.141341, -49.096557
30.927191, -49.252146
30.845393, -49.503895
30.927191, -49.755644
31.141341, -49.911233
31.406045, -49.911233
31.620195, -49.755644
31.701994, -49.503895
1
10
-46.094416, 18.216637
-46.538770, 18.539479
-47.088022, 18.539479
-47.532376, 18.216637
-47.702105, 17.694267
-47.532376, 17.171898
-47.088022, 16.849055
-46.538770, 16.849055
-46.094416, 17.171898
-45.924688, 17.694267
1
10
27.306690, 7.910156
27.080890, 8.074209
26.801787, 8.074209
26.575988, 7.910156
26.489740, 7.644713
26.575988, 7.379270
26.801787, 7.215217
27.080890, 7.215217
27.306690, 7.379270
27.392937, 7.644713
1
10
42.378632, 34.221770
41.904760, 34.566058
41.319023, 34.566058
40.845152, 34.221770
40.664149, 33.664701
40.845152, 33.107631
41.319023, 32.763344
41.904760, 32.763344
42.378632, 33.107631
42.559635, 33.664701
1
10
39.211038, 26.870588
38.858074, 27.127031
38.421786, 27.127031
38.068822, 26.870588
37.934002, 26.455654
38.068822, 26.040720
38.421786, 25.784276
38.858074, 25.784276
39.211038, 26.040720
39.345858, 26.455654
1
10
25.406997, -19.715220
25.011524, -19.427892
24.522692, -19.427892
24.127219, -19.715220
23.976162, -20.180126
24.127219, -20.645033
24.522692, -20.932361
25.011524, -20.932361
25.406997, -20.645033
25.558054, -20.180126
1
10
40.556085, -45.295136
40.302652, -45.111006
39.989391, -45.111006
39.735958, -45.295136
39.639155, -45.593065
39.735958, -45.890993
39.989391, -46.075123
40.302652, -46.075123
40.556085, -45.890993
40.652887, -45.593065
1
10
-25.685591, -42.586098
-25.978751, -42.373105
-26.341117, -42.373105
-26.634277, -42.586098
-26.746254, -42.930729
-26.634277, -43.275359
-26.341117, -43.488353
-25.978751, -43.488353
-25.685591, -43.275359
-25.573613, -42.930729
1
10
-42.460283, 40.749595
-42.754436, 40.963309
-43.118029, 40.963309
-43.412182, 40.749595
-43.524539, 40.403797
-43.412182, 40.057999
-43.118029, 39.844285
-42.754436, 39.844285
-42.460283, 40.057999
-42.347927, 40.403797
1
10
3.471221, 47.638381
3.046718, 47.946801
2.522003, 47.946801
2.097499, 47.638381
1.935353, 47.139347
2.097499, 46.640313
2.522003, 46.331894
3.046718, 46.331894
3.471221, 46.640313
3.633367, 47.139347
1
10
3.157030, -17.528156
2.717704, -17.208967
2.174667, -17.208967
1.735341, -17.528156
1.567533, -18.044615
1.735341, -18.561073
2.174667, -18.880262
2.717704, -18.880262
3.157030, -18.561073
3.324837, -18.044615
1
10
-43.519445, -29.201092
-43.751017, -29.032845
-44.037256, -29.032845
-44.268828, -29.201092
-44.357280, -29.473321
-44.268828, -29.745551
-44.037256, -29.913798
-43.751017, -29.913798
-43.519445, -29.745551
-43.430992, -29.473321
1
10
23.880808, 7.458833
23.521836, 7.719642
23.078122, 7.719642
22.719150, 7.458833
22.582035, 7.036837
22.719150, 6.614840
23.078122, 6.354031
23.521836, 6.354031
23.880808, 6.614840
24.017923, 7.036837
1
10
-23.980621, -32.790575
-24.195376, -32.634547
-24.460828, -32.634547
-24.675583, -32.790575
-24.757612, -33.043035
-24.675583, -33.295495
-24.460828, -33.451523
-24.195376, -33.451523
-23.980621, -33.295495
-23.898592, -33.043035
1
10
-40.160644, 36.019059
-40.615441, 36.349489
-41.177602, 36.349489
-41.632400, 36.019059
-41.806117, 35.484413
-41.632400, 34.949766
-41.177602, 34.619336
-40.615441, 34.619336
-40.160644, 34.949766
-39.986927, 35.484413
1
10
19.713660, -25.942537
19.357741, -25.683946
18.917801, -25.683946
18.561883, -25.942537
18.425934, -26.360944
18.561883, -26.779352
18.917801, -27.037942
19.357741, -27.037942
19.713660, -26.779352
19.849609, -26.360944
1
10
-18.561879, -4.591436
-18.748168, -4.456089
-18.978433, -4.456089
-19.164721, -4.591436
-19.235877, -4.810431
-19.164721, -5.029426
-18.978433, -5.164772
-18.748168, -5.164772
-18.561879, -5.029426
-18.490724, -4.810431
1
10
-26.898062, -45.414010
-27.134886, -45.241947
-27.427616, -45.241947
-27.664440, -45.414010
-27.754898, -45.692413
-27.664440, -45.970816
-27.427616, -46.142879
-27.134886, -46.142879
-26.898062, -45.970816
-26.807603, -45.692413
1
10
-1.954671, -15.117018
-2.390466, -14.800394
-2.929139, -14.800394
-3.364935, -15.117018
-3.531394, -15.629327
-3.364935, -16.141635
-2.929139, -16.458259
-2.390466, -16.458259
-1.954671, -16.141635
-1.788212, -15.629327
1
10
-26.007439, 1.170113
-26.338924, 1.410951
-26.748663, 1.410951
-27.080148, 1.170113
-27.206764, 0.780429
-27.080148, 0.390745
-26.748663, 0.149906
-26.338924, 0.149906
-26.007439, 0.390745
-25.880823, 0.780429
1
10
14.357858, 7.660228
14.033557, 7.895847
13.632699, 7.895847
13.308398, 7.660228
13.184526, 7.278990
13.308398, 6.897751
13.632699, 6.662133
14.033557, 6.662133
14.357858, 6.897751
14.481730, 7.278990
1
10
42.238358, -48.167575
42.035608, -48.020269
41.784996, -48.020269
41.582246, -48.167575
41.504802, -48.405922
41.582246, -48.644269
41.784996, -48.791575
42.035608, -48.791575
42.238358, -48.644269
42.315802, -48.405922
1
10
8.797347, 24.501556
8.474936, 24.735801
8.076414, 24.735801
7.754003, 24.501556
7.630853, 24.122539
7.754003, 23.743522
8.076414, 23.509277
8.474936, 23.509277
8.797347, 23.743522
8.920497, 24.122539
1
10
46.463406, 49.094289
46.039003, 49.402636
45.514411, 49.402636
45.090007, 49.094289
44.927899, 48.595372
45.090007, 48.096455
45.514411, 47.788108
46.039003, 47.788108
46.463406, 48.096455
46.625514, 48.595372
1
10
23.442661, -33.840132
22.999286, -33.518001
22.451246, -33.518001
22.007871, -33.840132
21.838517, -34.361349
22.007871, -34.882567
22.451246, -35.204697
22.999286, -35.204697
23.442661, -34.882567
23.612014, -34.361349
1
10
-44.374563, 14.767625
-44.665269, 14.978835
-45.024601, 14.978835
-45.315307, 14.767625
-45.426347, 14.425880
-45.315307, 14.084135
-45.024601, 13.872925
-44.665269, 13.872925
-44.374563, 14.084135
-44.263523, 14.425880
1
10
-48.090918, -34.776762
-48.447645, -34.517585
-48.888585, -34.517585
-49.245313, -34.776762
-49.381570, -35.196121
-49.245313, -35.615479
-48.888585, -35.874657
-48.447645, -35.874657
-48.090918, -35.615479
-47.954660, -35.196121
1
10
44.125229, 14.411591
43.655254, 14.753048
43.074333, 14.753048
42.604357, 14.411591
42.424843, 13.859102
42.604357, 13.306613
43.074333, 12.965156
43.655254, 12.965156
44.125229, 13.306613
44.304743, 13.859102
1
10
24.500406, -11.828373
24.239875, -11.639087
23.917842, -11.639087
23.657311, -11.828373
23.557797, -12.134646
23.657311, -12.440918
23.917842, -12.630204
24.239875, -12.630204
24.500406, -12.440918
24.599920, -12.134646
1
10
42.878044, -9.051041
42.747009, -8.955839
42.585041, -8.955839
42.454006, -9.051041
42.403955, -9.205082
42.454006, -9.359123
42.585041, -9.454325
42.747009, -9.454325
42.878044, -9.359123
42.928095, -9.205082
1
10
-40.450858, 21.133588
-40.913137, 21.469454
-41.484546, 21.469454
-41.946825, 21.133588
-42.123400, 20.590146
-41.946825, 20.046704
-41.484546, 19.710839
-40.913137, 19.710839
-40.450858, 20.046704
-40.274283, 20.590146
1
10
33.361799, -1.228367
33.133717, -1.062656
32.851792, -1.062656
32.623709, -1.228367
32.536590, -1.496494
32.623709, -1.764621
32.851792, -1.930332
33.133717, -1.930332
33.361799, -1.764621
33.448919, -1.496494
1
10
-2.874369, 20.785141
-3.285498, 21.083843
-3.793682, 21.083843
-4.204811, 20.785141
-4.361848, 20.301829
-4.204811, 19.818518
-3.793682, 19.519815
-3.285498, 19.519815
-2.874369, 19.818518
-2.717332, 20.301829
1
10
49.635675, 22.328546
49.339310, 22.543868
48.972982, 22.543868
48.676616, 22.328546
48.563415, 21.980147
48.676616, 21.631748
48.972982, 21.416426
49.339310, 21.416426
49.635675, 21.631748
49.748877, 21.980147
1
10
1.882945, -14.118277
1.576229, -13.895434
1.197107, -13.895434
0.890390, -14.118277
0.773235, -14.478843
0.890390, -14.839410
1.197107, -15.062252
1.576229, -15.062252
1.882945, -14.839410
2.000100, -14.478843
1
10
21.772019, 32.287309
21.370471, 32.579051
20.874131, 32.579051
20.472583, 32.287309
20.319205, 31.815261
20.472583, 31.343214
20.874131, 31.051472
21.370471, 31.051472
21.772019, 31.343214
21.925396, 31.815261
1
10
45.413331, -14.453308
45.037878, -14.180525
44.573792, -14.180525
44.198339, -14.453308
44.054929, -14.894679
44.198339, -15.336051
44.573792, -15.608834
45.037878, -15.608834
45.413331, -15.336051
45.556741, -14.894679
1
10
39.481771, 19.415816
39.070731, 19.714454
38.562657, 19.714454
38.151617, 19.415816
37.994614, 18.932610
38.151617, 18.449403
38.562657, 18.150765
39.070731, 18.150765
39.481771, 18.449403
39.638774, 18.932610
1
10
5.783165, -42.848370
5.442564, -42.600909
5.021557, -42.600909
4.680955, -42.848370
4.550857, -43.248771
4.680955, -43.649172
5.021557, -43.896634
5.442564, -43.896634
5.783165, -43.649172
5.913263, -43.248771
1
10
-29.281306, 2.385766
-29.763100, 2.735809
-30.358629, 2.735809
-30.840423, 2.385766
-31.024452, 1.819383
-30.840423, 1.253001
-30.358629, 0.902957
-29.763100, 0.902957
-29.281306, 1.253001
-29.097277, 1.819383
1
10
-37.448709, 47.387330
-37.896444, 47.712629
-38.449875, 47.712629
-38.897610, 47.387330
-39.068629, 46.860986
-38.897610, 46.334642
-38.449875, 46.009344
-37.896444, 46.009344
-37.448709, 46.334642
-37.277689, 46.860986
1
10
-43.994298, 31.285657
-44.222157, 31.451206
-44.503806, 31.451206
-44.731665, 31.285657
-44.818699, 31.017792
-44.731665, 30.749928
-44.503806, 30.584379
-44.222157, 30.584379
-43.994298, 30.749928
-43.907263, 31.017792
1
10
-47.595586, -14.130741
-47.957798, -13.867579
-48.405516, -13.867579
-48.767728, -14.130741
-48.906080, -14.556546
-48.767728, -14.982351
-48.405516, -15.245513
-47.957798, -15.245513
-47.595586, -14.982351
-47.457234, -14.556546
1
10
-12.996505, 1.913301
-13.496004, 2.276208
-14.113418, 2.276208
-14.612917, 1.913301
-14.803709, 1.326105
-14.612917, 0.738909
-14.113418, 0.376002
-13.496004, 0.376002
-12.996505, 0.738909
-12.805714, 1.326105
1
10
22.319231, 37.824377
22.034283, 38.031404
21.682068, 38.031404
21.397120, 37.824377
21.288280, 37.489401
21.397120, 37.154425
21.682068, 36.947398
22.034283, 36.947398
22.319231, 37.154425
22.428071, 37.489401
1
10
-3.283001, -36.400336
-3.442407, -36.284521
-3.639443, -36.284521
-3.798848, -36.400336
-3.859735, -36.587729
-3.798848, -36.775121
-3.639443, -36.890936
-3.442407, -36.890936
-3.283001, -36.775121
-3.222114, -36.587729
1
10
-1.351125, 43.373198
-1.643791, 43.585833
-2.005546, 43.585833
-2.298212, 43.373198
-2.410000, 43.029149
-2.298212, 42.685100
-2.005546, 42.472465
-1.643791, 42.472465
-1.351125, 42.685100
-1.239337, 43.029149
1
10
-18.153426, -25.018791
-18.631022, -24.671797
-19.221363, -24.671797
-19.698959, -25.018791
-19.881384, -25.580238
-19.698959, -26.141686
-19.221363, -26.488680
-18.631022, -26.488680
-18.153426, -26.141686
-17.971000, -25.580238
1
10
-14.963652, 37.453426
-15.437477, 37.797680
-16.023157, 37.797680
-16.496982, 37.453426
-16.677968, 36.896411
-16.496982, 36.339396
-16.023157, 35.995142
-15.437477, 35.995142
-14.963652, 36.339396
-14.782666, 36.896411
1
10
-15.733272, -22.504408
-16.055567, -22.270246
-16.453947, -22.270246
-16.776242, -22.504408
-16.899348, -22.883289
-16.776242, -23.262170
-16.453947, -23.496332
-16.055567, -23.496332
-15.733272, -23.262170
-15.610166, -22.883289
1
10
10.152439, 6.664459
9.980885, 6.789101
9.768832, 6.789101
9.597277, 6.664459
9.531749, 6.462785
9.597277, 6.261111
9.768832, 6.136469
9.980885, 6.136469
10.152439, 6.261111
10.217967, 6.462785
1
10
7.067331, -2.451039
6.841191, -2.286738
6.561667, -2.286738
6.335526, -2.451039
6.249149, -2.716883
6.335526, -2.982726
6.561667, -3.147027
6.841191, -3.147027
7.067331, -2.982726
7.153709, -2.716883
1
10
48.748439, -28.443450
48.529707, -28.284532
48.259339, -28.284532
48.040607, -28.443450
47.957059, -28.700585
48.040607, -28.957720
48.259339, -29.116638
48.529707, -29.116638
48.748439, -28.957720
48.831987, -28.700585
1
10
45.625192, 24.679741
45.308321, 24.909962
44.916647, 24.909962
44.599776, 24.679741
44.478742, 24.307237
44.599776, 23.934733
44.916647, 23.704512
45.308321, 23.704512
45.625192, 23.934733
45.746226, 24.307237
1
10
-3.853807, -18.685902
-4.246286, -18.400749
-4.731418, -18.400749
-5.123897, -18.685902
-5.273811, -19.147290
-5.123897, -19.608677
-4.731418, -19.893830
-4.246286, -19.893830
-3.853807, -19.608677
-3.703893, -19.147290
1
10
41.484149, -5.050344
41.068727, -4.748522
40.555237, -4.748522
40.139814, -5.050344
39.981137, -5.538702
40.139814, -6.027061
40.555237, -6.328883
41.068727, -6.328883
41.484149, -6.027061
41.642827, -5.538702
1
10
7.254657, -39.120020
6.977623, -38.918743
6.635190, -38.918743
6.358155, -39.120020
6.252338, -39.445693
6.358155, -39.771367
6.635190, -39.972644
6.977623, -39.972644
7.254657, -39.771367
7.360475, -39.445693
1
10
-15.917166, -23.737913
-16.216910, -23.520136
-16.587415, -23.520136
-16.887159, -23.737913
-17.001651, -24.090284
-16.887159, -24.442655
-16.587415, -24.660432
-16.216910, -24.660432
-15.917166, -24.442655
-15.802673, -24.090284
1
10
7.799081, 35.596299
7.663326, 35.694931
7.495523, 35.694931
7.359768, 35.596299
7.307914, 35.436709
7.359768, 35.277119
7.495523, 35.178487
7.663326, 35.178487
7.799081, 35.277119
7.850935, 35.436709
1
10
24.088473, -26.365503
23.670632, -26.061924
23.154152, -26.061924
22.736311, -26.365503
22.576710, -26.856705
22.736311, -27.347907
23.154152, -27.651486
23.670632, -27.651486
24.088473, -27.347907
24.248074, -26.856705
1
10
18.175770, -33.483521
17.957007, -33.324580
17.686602, -33.324580
17.467839, -33.483521
17.384279, -33.740692
17.467839, -33.997863
17.686602, -34.156803
17.957007, -34.156803
18.175770, -33.997863
18.259330, -33.740692
1
10
48.254345, 27.708528
47.811395, 28.030350
47.263878, 28.030350
46.820928, 27.708528
46.651736, 27.187808
46.820928, 26.667089
47.263878, 26.345267
47.811395, 26.345267
48.254345, 26.667089
48.423537, 27.187808
1
10
-12.571037, 18.013762
-12.857915, 18.222191
-13.212516, 18.222191
-13.499394, 18.013762
-13.608972, 17.676516
-13.499394, 17.339271
-13.212516, 17.130842
-12.857915, 17.130842
-12.571037, 17.339271
-12.461460, 17.676516
1
10
16.171528, 18.475817
15.691220, 18.824781
15.097527, 18.824781
14.617219, 18.475817
14.433758, 17.911181
14.617219, 17.346545
15.097527, 16.997581
15.691220, 16.997581
16.171528, 17.346545
16.354990, 17.911181
1
10
0.905456, -5.485847
0.744298, -5.368759
0.545095, -5.368759
0.383937, -5.485847
0.322381, -5.675300
0.383937, -5.864752
0.545095, -5.981841
0.744298, -5.981841
0.905456, -5.864752
0.967013, -5.675300
1
10
-4.760912, 32.030867
-5.040759, 32.234188
-5.386670, 32.234188
-5.666517, 32.030867
-5.773409, 31.701887
-5.666517, 31.372906
-5.386670, 31.169585
-5.040759, 31.169585
-4.760912, 31.372906
-4.654019, 31.701887
1
10
10.274402, -41.133517
10.105408, -41.010735
9.896520, -41.010735
9.727526, -41.133517
9.662976, -41.332181
9.727526, -41.530845
9.896520, -41.653626
10.105408, -41.653626
10.274402, -41.530845
10.338951, -41.332181
1
10
49.735778, 15.815370
49.372212, 16.079517
48.922818, 16.079517
48.559252, 15.815370
48.420382, 15.387972
48.559252, 14.960574
48.922818, 14.696427
49.372212, 14.696427
49.735778, 14.960574
49.874648, 15.387972
1
10
37.271702, -21.942153
36.896959, -21.669887
36.433751, -21.669887
36.059008, -21.942153
35.915869, -22.382690
36.059008, -22.823227
36.433751, -23.095494
36.896959, -23.095494
37.271702, -22.823227
37.414841, -22.382690
1
10
48.418165, 40.023695
48.245238, 40.149333
48.031489, 40.149333
47.858562, 40.023695
47.792510, 39.820407
47.858562, 39.617120
48.031489, 39.491481
48.245238, 39.491481
48.418165, 39.617120
48.484217, 39.820407
1
10
-33.975818, 31.722040
-34.295849, 31.954556
-34.691429, 31.954556
-35.011460, 31.722040
-35.133701, 31.345821
-35.011460, 30.969602
-34.691429, 30.737086
-34.295849, 30.737086
-33.975818, 30.969602
-33.853577, 31.345821
1
10
29.888797, 11.324781
29.476117, 11.624611
28.966017, 11.624611
28.553337, 11.324781
28.395707, 10.839647
28.553337, 10.354512
28.966017, 10.054683
29.476117, 10.054683
29.888797, 10.354512
30.046427, 10.839647
1
10
44.776657, 16.873989
44.375566, 17.165399
43.879790, 17.165399
43.478699, 16.873989
43.325496, 16.402478
43.478699, 15.930967
43.879790, 15.639557
44.375566, 15.639557
44.776657, 15.930967
44.929861, 16.402478
1
10
-24.209651, -39.860373
-24.625323, -39.558370
-25.139122, -39.558370
-25.554794, -39.860373
-25.713567, -40.349025
-25.554794, -40.837677
-25.139122, -41.139680
-24.625323, -41.139680
-24.209651, -40.837677
-24.050879, -40.349025
1
10
21.039301, 20.442452
20.829030, 20.595223
20.569120, 20.595223
20.358848, 20.442452
20.278531, 20.195263
20.358848, 19.948073
20.569120, 19.795302
20.829030, 19.795302
21.039301, 19.948073
21.119618, 20.195263
1
10
42.387567, -2.808927
42.050873, -2.564304
41.634697, -2.564304
41.298003, -2.808927
41.169397, -3.204734
41.298003, -3.600542
41.634697, -3.845164
42.050873, -3.845164
42.387567, -3.600542
42.516173, -3.204734
1
10
13.926415, 18.920539
13.774435, 19.030959
13.586578, 19.030959
13.434598, 18.920539
13.376547, 18.741876
13.434598, 18.563213
13.586578, 18.452793
13.774435, 18.452793
13.926415, 18.563213
13.984466, 18.741876
1
10
48.369365, -43.556241
48.138778, -43.388710
47.853758, -43.388710
47.623171, -43.556241
47.535095, -43.827311
47.623171, -44.098382
47.853758, -44.265913
48.138778, -44.265913
48.369365, -44.098382
48.457441, -43.827311
1
10
-3.643384, 32.011377
-3.834310, 32.150093
-4.070308, 32.150093
-4.261234, 32.011377
-4.334161, 31.786930
-4.261234, 31.562483
-4.070308, 31.423767
-3.834310, 31.423767
-3.643384, 31.562483
-3.570457, 31.786930
1
10
-46.955798, 44.595669
-47.226399, 44.792273
-47.560881, 44.792273
-47.831482, 44.595669
-47.934843, 44.277558
-47.831482, 43.959447
-47.560881, 43.762844
-47.226399, 43.762844
-46.955798, 43.959447
-46.852437, 44.277558
1
10
-36.065392, 33.056077
-36.512136, 33.380656
-37.064341, 33.380656
-37.511085, 33.056077
-37.681726, 32.530899
-37.511085, 32.005720
-37.064341, 31.681142
-36.512136, 31.681142
-36.065392, 32.005720
-35.894751, 32.530899
1
10
27.476846, 39.390614
27.090249, 39.671493
26.612388, 39.671493
26.225791, 39.390614
26.078124, 38.936141
26.225791, 38.481669
26.612388, 38.200790
27.090249, 38.200790
27.476846, 38.481669
27.624513, 38.936141
1
10
15.630918, -5.956589
15.319729, -5.730497
14.935079, -5.730497
14.623890, -5.956589
14.505026, -6.322413
14.623890, -6.688237
14.935079, -6.914329
15.319729, -6.914329
15.630918, -6.688237
15.749781, -6.322413
1
10
-2.069254, 8.787057
-2.464775, 9.074419
-2.953666, 9.074419
-3.349187, 8.787057
-3.500262, 8.322094
-3.349187, 7.857131
-2.953666, 7.569768
-2.464775, 7.569768
-2.069254, 7.857131
-1.918179, 8.322094
1
10
2.811854, -19.465894
2.535905, -19.265406
2.194814, -19.265406
1.918865, -19.465894
1.813462, -19.790291
1.918865, -20.114688
2.194814, -20.315177
2.535905, -20.315177
2.811854, -20.114688
2.917257, -19.790291
1
10
-15.636486, -22.904050
-15.926050, -22.693669
-16.283971, -22.693669
-16.573535, -22.904050
-16.684138, -23.244453
-16.573535, -23.584856
-16.283971, -23.795236
-15.926050, -23.795236
-15.636486, -23.584856
-15.525882, -23.244453
1
10
36.313277, 6.665026
36.150569, 6.783240
35.949451, 6.783240
35.786744, 6.665026
35.724595, 6.473752
35.786744, 6.282478
35.949451, 6.164264
36.150569, 6.164264
36.313277, 6.282478
36.375425, 6.473752
1
10
13.792992, -1.322428
13.347360, -0.998657
12.796529, -0.998657
12.350898, -1.322428
12.180682, -1.846299
12.350898, -2.370170
12.796529, -2.693940
13.347360, -2.693940
13.792992, -2.370170
13.963208, -1.846299
1
10
42.912870, -16.874169
42.430652, -16.523818
41.834599, -16.523818
41.352382, -16.874169
41.168191, -17.441049
41.352382, -18.007930
41.834599, -18.358281
42.430652, -18.358281
42.912870, -18.007930
43.097060, -17.441049
1
10
23.765932, -40.701309
23.504669, -40.511491
23.181730, -40.511491
22.920467, -40.701309
22.820674, -41.008442
22.920467, -41.315575
23.181730, -41.505394
23.504669, -41.505394
23.765932, -41.315575
23.865725, -41.008442
1
10
-6.852573, 49.067563
-7.270130, 49.370935
-7.786258, 49.370935
-8.203814, 49.067563
-8.363307, 48.576696
-8.203814, 48.085829
-7.786258, 47.782456
-7.270130, 47.782456
-6.852573, 48.085829
-6.693081, 48.576696
1
10
5.796280, 13.461791
5.637318, 13.577284
5.440830, 13.577284
5.281867, 13.461791
5.221149, 13.274920
5.281867, 13.088048
5.440830, 12.972556
5.637318, 12.972556
5.796280, 13.088048
5.856998, 13.274920
1
10
17.630430, -46.529225
17.296225, -46.286411
16.883123, -46.286411
16.548918, -46.529225
16.421262, -46.922108
16.548918, -47.314990
16.883123, -47.557805
17.296225, -47.557805
17.630430, -47.314990
17.758086, -46.922108
1
10
49.483567, -23.172390
49.235306, -22.992019
48.928439, -22.992019
48.680179, -23.172390
48.585352, -23.464238
48.680179, -23.756086
48.928439, -23.936457
49.235306, -23.936457
49.483567, -23.756086
49.578394, -23.464238
1
10
50.177805, 16.425121
49.970547, 16.575702
49.714363, 16.575702
49.507106, 16.425121
49.427940, 16.181475
49.507106, 15.937829
49.714363, 15.787248
49.970547, 15.787248
50.177805, 15.937829
50.256970, 16.181475
1
10
7.077541, -14.641027
6.936148, -14.538299
6.761376, -14.538299
6.619983, -14.641027
6.565976, -14.807244
6.619983, -14.973462
6.761376, -15.076190
6.936148, -15.076190
7.077541, -14.973462
7.131548, -14.807244
1
10
40.500186, -24.955539
40.362249, -24.855322
40.191750, -24.855322
40.053813, -24.955539
40.001126, -25.117694
40.053813, -25.279848
40.191750, -25.380065
40.362249, -25.380065
40.500186, -25.279848
40.552874, -25.117694
1
10
-35.839794, -24.670058
-36.107381, -24.475645
-36.438136, -24.475645
-36.705722, -24.670058
-36.807931, -24.984624
-36.705722, -25.299191
-36.438136, -25.493604
-36.107381, -25.493604
-35.839794, -25.299191
-35.737585, -24.984624
1
10
44.226000, -46.215293
43.959189, -46.021443
43.629392, -46.021443
43.362581, -46.215293
43.260669, -46.528948
43.362581, -46.842603
43.629392, -47.036452
43.959189, -47.036452
44.226000, -46.842603
44.327912, -46.528948
1
10
-31.441378, -45.982751
-31.894734, -45.653368
-32.455113, -45.653368
-32.908469, -45.982751
-33.081635, -46.515702
-32.908469, -47.048654
-32.455113, -47.378037
-31.894734, -47.378037
-31.441378, -47.048654
-31.268211, -46.515702
1
10
47.527860, 8.391059
47.264343, 8.582516
46.938618, 8.582516
46.675101, 8.391059
46.574446, 8.081276
46.675101, 7.771493
46.938618, 7.580037
47.264343, 7.580037
47.527860, 7.771493
47.628515, 8.081276
1
10
41.815718, 14.111422
41.514359, 14.330372
41.141859, 14.330372
40.840500, 14.111422
40.725391, 13.757153
40.840500, 13.402884
41.141859, 13.183934
41.514359, 13.183934
41.815718, 13.402884
41.930827, 13.757153
1
10
39.694278, -31.566592
39.269157, -31.257724
38.743679, -31.257724
38.318558, -31.566592
38.156177, -32.066352
38.318558, -32.566111
38.743679, -32.874980
39.269157, -32.874980
39.694278, -32.566111
39.856660, -32.066352
1
10
41.923608, 29.599278
41.493912, 29.911469
40.962780, 29.911469
40.533085, 29.599278
40.368956, 29.094140
40.533085, 28.589003
40.962780, 28.276811
41.493912, 28.276811
41.923608, 28.589003
42.087737, 29.094140
1
10
11.171983, 40.191339
11.036673, 40.289648
10.869420, 40.289648
10.734110, 40.191339
10.682426, 40.032272
10.734110, 39.873206
10.869420, 39.774897
11.036673, 39.774897
11.171983, 39.873206
11.223667, 40.032272
1
10
-26.258565, 44.873653
-26.623586, 45.138856
-27.074778, 45.138856
-27.439799, 44.873653
-27.579225, 44.444544
-27.439799, 44.015436
-27.074778, 43.750232
-26.623586, 43.750232
-26.258565, 44.015436
-26.119139, 44.444544
1
10
1.452052, 12.535155
1.140616, 12.761427
0.755660, 12.761427
0.444224, 12.535155
0.325266, 12.169040
0.444224, 11.802925
0.755660, 11.576654
1.140616, 11.576654
1.452052, 11.802925
1.571010, 12.169040
1
10
11.479462, -38.651166
11.265781, -38.495918
11.001657, -38.495918
10.787976, -38.651166
10.706357, -38.902363
10.787976, -39.153560
11.001657, -39.308808
11.265781, -39.308808
11.479462, -39.153560
11.561081, -38.902363
1
10
-47.753508, 33.044755
-48.063237, 33.269787
-48.446084, 33.269787
-48.755813, 33.044755
-48.874119, 32.680647
-48.755813, 32.316538
-48.446084, 32.091507
-48.063237, 32.091507
-47.753508, 32.316538
-47.635202, 32.680647
1
10
1.568178, -27.151854
1.374782, -27.011344
1.135731, -27.011344
0.942335, -27.151854
0.868464, -27.379205
0.942335, -27.606556
1.135731, -27.747067
1.374782, -27.747067
1.568178, -27.606556
1.642049, -27.379205
1
10
6.179292, 12.877887
5.819657, 13.139176
5.375125, 13.139176
5.015491, 12.877887
4.878123, 12.455111
5.015491, 12.032336
5.375125, 11.771046
5.819657, 11.771046
6.179292, 12.032336
6.316660, 12.455111
1
10
-20.554532, 40.263389
-20.687055, 40.359672
-20.850861, 40.359672
-20.983384, 40.263389
-21.034003, 40.107600
-20.983384, 39.951810
-20.850861, 39.855527
-20.687055, 39.855527
-20.554532, 39.951810
-20.503913, 40.107600
1
10
-32.904532, 4.463915
-33.069021, 4.583424
-33.272341, 4.583424
-33.436831, 4.463915
-33.499660, 4.270546
-33.436831, 4.077177
-33.272341, 3.957669
-33.069021, 3.957669
-32.904532, 4.077177
-32.841702, 4.270546
1
10
-45.330161, -17.183085
-45.800493, -16.841369
-46.381854, -16.841369
-46.852185, -17.183085
-47.031836, -17.735992
-46.852185, -18.288900
-46.381854, -18.630615
-45.800493, -18.630615
-45.330161, -18.288900
-45.150511, -17.735992
1
10
20.729367, 14.064674
20.571974, 14.179026
20.377426, 14.179026
20.220033, 14.064674
20.159914, 13.879647
20.220033, 13.694621
20.377426, 13.580268
20.571974, 13.580268
20.729367, 13.694621
20.789486, 13.879647
1
10
-26.508902, -17.551697
-26.787421, -17.349341
-27.131690, -17.349341
-27.410209, -17.551697
-27.516594, -17.879116
-27.410209, -18.206535
-27.131690, -18.408891
-26.787421, -18.408891
-26.508902, -18.206535
-26.402517, -17.879116
1
10
-38.636349, 22.131875
-39.074111, 22.449927
-39.615214, 22.449927
-40.052976, 22.131875
-40.220186, 21.617255
-40.052976, 21.102635
-39.615214, 20.784583
-39.074111, 20.784583
-38.636349, 21.102635
-38.469139, 21.617255
1
10
21.305020, 24.939591
20.903829, 25.231073
20.407929, 25.231073
20.006738, 24.939591
19.853496, 24.467962
20.006738, 23.996333
20.407929, 23.704851
20.903829, 23.704851
21.305020, 23.996333
21.458262, 24.467962
1
10
-48.138831, 8.817923
-48.524736, 9.098299
-49.001741, 9.098299
-49.387645, 8.817923
-49.535048, 8.364264
-49.387645, 7.910606
-49.001741, 7.630230
-48.524736, 7.630230
-48.138831, 7.910606
-47.991428, 8.364264
1
10
-48.689061, 2.662364
-49.128053, 2.981310
-49.670676, 2.981310
-50.109668, 2.662364
-50.277348, 2.146298
-50.109668, 1.630232
-49.670676, 1.311286
-49.128053, 1.311286
-48.689061, 1.630232
-48.521381, 2.146298
1
10
-43.719618, -11.468315
-44.039548, -11.235872
-44.435003, -11.235872
-44.754933, -11.468315
-44.877136, -11.844415
-44.754933, -12.220516
-44.435003, -12.452958
-44.039548, -12.452958
-43.719618, -12.220516
-43.597415, -11.844415
1
10
33.320912, 42.987234
32.993699, 43.224968
32.589240, 43.224968
32.262026, 42.987234
32.137042, 42.602571
32.262026, 42.217908
32.589240, 41.980173
32.993699, 41.980173
33.320912, 42.217908
33.445897, 42.602571
1
10
-2.293365, 1.740882
-2.771480, 2.088253
-3.362461, 2.088253
-3.840575, 1.740882
-4.023199, 1.178825
-3.840575, 0.616769
-3.362461, 0.269398
-2.771480, 0.269398
-2.293365, 0.616769
-2.110742, 1.178825
1
10
-42.563084, -33.272933
-42.978248, -32.971299
-43.491419, -32.971299
-43.906583, -33.272933
-44.065161, -33.760988
-43.906583, -34.249042
-43.491419, -34.550677
-42.978248, -34.550677
-42.563084, -34.249042
-42.404505, -33.760988
1
10
22.752280, 21.873353
22.370299, 22.150879
21.898144, 22.150879
21.516163, 21.873353
21.370260, 21.424308
21.516163, 20.975262
21.898144, 20.697737
22.370299, 20.697737
22.752280, 20.975262
22.898183, 21.424308
1
10
-12.965074, -46.062438
-13.426857, -45.726933
-13.997651, -45.726933
-14.459434, -46.062438
-14.635819, -46.605296
-14.459434, -47.148154
-13.997651, -47.483658
-13.426857, -47.483658
-12.965074, -47.148154
-12.788689, -46.605296
1
10
-49.476254, 42.136232
-49.730303, 42.320809
-50.044325, 42.320809
-50.298374, 42.136232
-50.395413, 41.837579
-50.298374, 41.538926
-50.044325, 41.354348
-49.730303, 41.354348
-49.476254, 41.538926
-49.379216, 41.837579
1
10
-26.797311, -13.055956
-27.139928, -12.807030
-27.563427, -12.807030
-27.906044, -13.055956
-28.036912, -13.458727
-27.906044, -13.861498
-27.563427, -14.110424
-27.139928, -14.110424
-26.797311, -13.861498
-26.666443, -13.458727
1
10
-5.202184, 7.853266
-5.531147, 8.092272
-5.937768, 8.092272
-6.266731, 7.853266
-6.392383, 7.466547
-6.266731, 7.079828
-5.937768, 6.840822
-5.531147, 6.840822
-5.202184, 7.079828
-5.076531, 7.466547
1
10
13.572316, 39.308654
13.244183, 39.547056
12.838589, 39.547056
12.510456, 39.308654
12.385120, 38.922911
12.510456, 38.537168
12.838589, 38.298765
13.244183, 38.298765
13.572316, 38.537168
13.697652, 38.922911
1
10
48.042145, -10.469513
47.793375, -10.288771
47.485878, -10.288771
47.237108, -10.469513
47.142087, -10.761959
47.237108, -11.054406
47.485878, -11.235148
47.793375, -11.235148
48.042145, -11.054406
48.137166, -10.761959
1
10
0.829694, 27.529339
0.484474, 27.780156
0.057758, 27.780156
-0.287462, 27.529339
-0.419324, 27.123509
-0.287462, 26.717678
0.057758, 26.466861
0.484474, 26.466861
0.829694, 26.717678
0.961556, 27.123509
1
10
19.674398, -35.965179
19.179935, -35.605930
18.568745, -35.605930
18.074282, -35.965179
17.885414, -36.546455
18.074282, -37.127731
18.568745, -37.486979
19.179935, -37.486979
19.674398, -37.127731
19.863266, -36.546455
1
10
34.151665, -46.364270
33.999728, -46.253881
33.811923, -46.253881
33.659986, -46.364270
33.601951, -46.542883
33.659986, -46.721496
33.811923, -46.831885
33.999728, -46.831885
34.151665, -46.721496
34.209700, -46.542883
1
10
-41.278967, -17.719901
-41.464615, -17.585020
-41.694087, -17.585020
-41.879734, -17.719901
-41.950645, -17.938142
-41.879734, -18.156383
-41.694087, -18.291264
-41.464615, -18.291264
-41.278967, -18.156383
-41.208057, -17.938142
1
10
-44.086726, 48.621137
-44.472590, 48.901483
-44.949545, 48.901483
-45.335409, 48.621137
-45.482795, 48.167527
-45.335409, 47.713916
-44.949545, 47.433570
-44.472590, 47.433570
-44.086726, 47.713916
-43.939339, 48.167527
1
10
21.756357, -26.040992
21.336819, -25.736180
20.818242, -25.736180
20.398704, -26.040992
20.238455, -26.534188
20.398704, -27.027385
20.818242, -27.332197
21.336819, -27.332197
21.756357, -27.027385
21.916606, -26.534188
1
10
30.283046, -32.783516
30.014911, -32.588704
29.683478, -32.588704
29.415343, -32.783516
29.312925, -33.098727
29.415343, -33.413939
29.683478, -33.608750
30.014911, -33.608750
30.283046, -33.413939
30.385464, -33.098727
1
10
-12.257780, 30.078346
-12.517917, 30.267347
-12.839464, 30.267347
-13.099601, 30.078346
-13.198965, 29.772537
-13.099601, 29.466727
-12.839464, 29.277726
-12.517917, 29.277726
-12.257780, 29.466727
-12.158416, 29.772537
1
10
6.391140, -8.623321
5.903109, -8.268745
5.299868, -8.268745
4.811837, -8.623321
4.625425, -9.197037
4.811837, -9.770752
5.299868, -10.125328
5.903109, -10.125328
6.391140, -9.770752
6.577552, -9.197037
1
10
20.070173, 25.697666
19.891436, 25.827527
19.670505, 25.827527
19.491768, 25.697666
19.423496, 25.487548
19.491768, 25.277430
19.670505, 25.147570
19.891436, 25.147570
20.070173, 25.277430
20.138445, 25.487548
1
10
33.508722, -18.172796
33.180934, -17.934645
32.775765, -17.934645
32.447978, -18.172796
32.322774, -18.558134
32.447978, -18.943472
32.775765, -19.181624
33.180934, -19.181624
33.508722, -18.943472
33.633926, -18.558134
1
10
-43.074409, -22.919571
-43.332822, -22.731823
-43.652238, -22.731823
-43.910651, -22.919571
-44.009356, -23.223354
-43.910651, -23.527136
-43.652238, -23.714884
-43.332822, -23.714884
-43.074409, -23.527136
-42.975704, -23.223354
1
10
-44.084491, -5.247872
-44.420241, -5.003935
-44.835250, -5.003935
-45.170999, -5.247872
-45.299244, -5.642568
-45.170999, -6.037265
-44.835250, -6.281202
-44.420241, -6.281202
-44.084491, -6.037265
-43.956247, -5.642568
1
10
47.232926, -40.818384
47.101460, -40.722869
46.938959, -40.722869
46.807493, -40.818384
46.757277, -40.972932
46.807493, -41.127480
46.938959, -41.222995
47.101460, -41.222995
47.232926, -41.127480
47.283141, -40.972932
1
10
-26.374127, -43.216298
-26.688167, -42.988135
-27.076341, -42.988135
-27.390380, -43.216298
-27.510333, -43.585474
-27.390380, -43.954650
-27.076341, -44.182813
-26.688167, -44.182813
-26.374127, -43.954650
-26.254175, -43.585474
1
10
-26.051939, 48.913593
-26.404052, 49.169418
-26.839287, 49.169418
-27.191400, 48.913593
-27.325896, 48.499659
-27.191400, 48.085726
-26.839287, 47.829901
-26.404052, 47.829901
-26.051939, 48.085726
-25.917443, 48.499659
1
10
-1.708448, 30.272828
-1.971798, 30.464163
-2.297318, 30.464163
-2.560669, 30.272828
-2.661260, 29.963240
-2.560669, 29.653653
-2.297318, 29.462317
-1.971798, 29.462317
-1.708448, 29.653653
-1.607857, 29.963240
1
10
15.441051, -42.541464
15.269169, -42.416584
15.056711, -42.416584
14.884828, -42.541464
14.819175, -42.743523
14.884828, -42.945583
15.056711, -43.070463
15.269169, -43.070463
15.441051, -42.945583
15.506705, -42.743523
1
10
-31.538654, -19.510811
-31.972116, -19.195883
-32.507904, -19.195883
-32.941366, -19.510811
-33.106934, -20.020376
-32.941366, -20.529942
-32.507904, -20.844870
-31.972116, -20.844870
-31.538654, -20.529942
-31.373086, -20.020376
1
10
19.420871, 45.169028
19.021612, 45.459107
18.528100, 45.459107
18.128840, 45.169028
17.976337, 44.699671
18.128840, 44.230313
18.528100, 43.940234
19.021612, 43.940234
19.420871, 44.230313
19.573375, 44.699671
1
10
-45.174464, 45.067877
-45.653485, 45.415907
-46.245588, 45.415907
-46.724610, 45.067877
-46.907580, 44.504754
-46.724610, 43.941630
-46.245588, 43.593601
-45.653485, 43.593601
-45.174464, 43.941630
-44.991494, 44.504754
1
10
-12.920848, -36.238728
-13.234165, -36.011090
-13.621447, -36.011090
-13.934764, -36.238728
-14.054440, -36.607055
-13.934764, -36.975381
-13.621447, -37.203020
-13.234165, -37.203020
-12.920848, -36.975381
-12.801172, -36.607055
1
10
21.883166, 12.660306
21.717567, 12.780620
21.512876, 12.780620
21.347277, 12.660306
21.284024, 12.465633
21.347277, 12.270960
21.512876, 12.150645
21.717567, 12.150645
21.883166, 12.270960
21.946419, 12.465633
1
10
-12.662469, -39.641343
-13.092713, -39.328752
-13.624524, -39.328752
-14.054768, -39.641343
-14.219107, -40.147125
-14.054768, -40.652907
-13.624524, -40.965498
-13.092713, -40.965498
-12.662469, -40.652907
-12.498131, -40.147125
1
10
50.297501, 14.143873
50.058100, 14.317808
49.762184, 14.317808
49.522783, 14.143873
49.431340, 13.862440
49.522783, 13.581007
49.762184, 13.407072
50.058100, 13.407072
50.297501, 13.581007
50.388944, 13.862440
1
10
-42.701327, 23.466253
-43.127635, 23.775984
-43.654581, 23.775984
-44.080890, 23.466253
-44.243725, 22.965097
-44.080890, 22.463942
-43.654581, 22.154210
-43.127635, 22.154210
-42.701327, 22.463942
-42.538491, 22.965097
1
10
-41.506989, -2.744224
-41.889882, -2.466036
-42.363164, -2.466036
-42.746056, -2.744224
-42.892309, -3.194342
-42.746056, -3.644459
-42.363164, -3.922647
-41.889882, -3.922647
-41.506989, -3.644459
-41.360737, -3.194342
1
10
-41.294220, 44.621009
-41.464833, 44.744966
-41.675721, 44.744966
-41.846333, 44.621009
-41.911502, 44.420442
-41.846333, 44.219875
-41.675721, 44.095918
-41.464833, 44.095918
-41.294220, 44.219875
-41.229052, 44.420442
1
10
20.970888, 31.172393
20.650513, 31.405159
20.254509, 31.405159
19.934134, 31.172393
19.811761, 30.795770
19.934134, 30.419147
20.254509, 30.186381
20.650513, 30.186381
20.970888, 30.419147
21.093261, 30.795770
1
10
6.759402, 42.724054
6.273075, 43.077392
5.671941, 43.077392
5.185614, 42.724054
4.999853, 42.152342
5.185614, 41.580630
5.671941, 41.227292
6.273075, 41.227292
6.759402, 41.580630
6.945163, 42.152342
1
10
-43.608765, -20.028163
-44.102927, -19.669134
-44.713745, -19.669134
-45.207907, -20.028163
-45.396660, -20.609085
-45.207907, -21.190007
-44.713745, -21.549037
-44.102927, -21.549037
-43.608765, -21.190007
-43.420012, -20.609085
1
10
-20.573268, -41.955079
-20.833022, -41.766357
-21.154094, -41.766357
-21.413848, -41.955079
-21.513065, -42.260437
-21.413848, -42.565796
-21.154094, -42.754517
-20.833022, -42.754517
-20.573268, -42.565796
-20.474051, -42.260437
1
10
-16.611555, 13.271465
-16.891658, 13.474972
-17.237884, 13.474972
-17.517987, 13.271465
-17.624976, 12.942185
-17.517987, 12.612904
-17.237884, 12.409398
-16.891658, 12.409398
-16.611555, 12.612904
-16.504566, 12.942185
1
10
8.467390, -1.791787
8.078748, -1.509422
7.598360, -1.509422
7.209718, -1.791787
7.061270, -2.248664
7.209718, -2.705540
7.598360, -2.987905
8.078748, -2.987905
8.467390, -2.705540
8.615838, -2.248664
1
10
42.797620, -19.094020
42.471468, -18.857057
42.068322, -18.857057
41.742171, -19.094020
41.617592, -19.477435
41.742171, -19.860849
42.068322, -20.097812
42.471468, -20.097812
42.797620, -19.860849
42.922199, -19.477435
1
10
18.119258, 31.964109
17.727518, 32.248725
17.243301, 32.248725
16.851561, 31.964109
16.701930, 31.503591
16.851561, 31.043073
17.243301, 30.758457
17.727518, 30.758457
18.119258, 31.043073
18.268890, 31.503591
1
10
27.853433, 36.196634
27.625013, 36.362590
27.342671, 36.362590
27.114251, 36.196634
27.027002, 35.928110
27.114251, 35.659586
27.342671, 35.493630
27.625013, 35.493630
27.853433, 35.659586
27.940682, 35.928110
1
10
-31.021494, -14.515643
-31.493483, -14.172722
-32.076894, -14.172722
-32.548884, -14.515643
-32.729167, -15.070499
-32.548884, -15.625356
-32.076894, -15.968276
-31.493483, -15.968276
-31.021494, -15.625356
-30.841210, -15.070499
1
10
-11.530256, 1.356981
-11.810603, 1.560665
-12.157131, 1.560665
-12.437479, 1.356981
-12.544562, 1.027413
-12.437479, 0.697845
-12.157131, 0.494161
-11.810603, 0.494161
-11.530256, 0.697845
-11.423173, 1.027413
1
10
-20.569780, 22.911850
-20.969400, 23.202191
-21.463358, 23.202191
-21.862979, 22.911850
-22.015620, 22.442068
-21.862979, 21.972286
-21.463358, 21.681945
-20.969400, 21.681945
-20.569780, 21.972286
-20.417138, 22.442068
1
10
-2.348109, -13.393748
-2.788231, -13.073980
-3.332253, -13.073980
-3.772375, -13.393748
-3.940487, -13.911143
-3.772375, -14.428538
-3.332253, -14.748306
-2.788231, -14.748306
-2.348109, -14.428538
-2.179997, -13.911143
1
10
-33.255199, -12.299932
-33.611851, -12.040809
-34.052698, -12.040809
-34.409350, -12.299932
-34.545580, -12.719203
-34.409350, -13.138473
-34.052698, -13.397596
-33.611851, -13.397596
-33.255199, -13.138473
-33.118970, -12.719203
1
10
-30.013250, -3.650204
-30.417483, -3.356512
-30.917142, -3.356512
-31.321375, -3.650204
-31.475778, -4.125409
-31.321375, -4.600613
-30.917142, -4.894305
-30.417483, -4.894305
-30.013250, -4.600613
-29.858847, -4.125409
1
10
30.657399, 19.114777
30.400575, 19.301370
30.083123, 19.301370
29.826299, 19.114777
29.728201, 18.812862
29.826299, 18.510948
30.083123, 18.324354
30.400575, 18.324354
30.657399, 18.510948
30.755497, 18.812862
1
10
4.245129, -19.330950
3.753576, -18.973817
3.145984, -18.973817
2.654432, -19.330950
2.466676, -19.908805
2.654432, -20.486659
3.145984, -20.843793
3.753576, -20.843793
4.245129, -20.486659
4.432885, -19.908805
1
10
-5.121575, -21.176846
-5.500241, -20.901729
-5.968298, -20.901729
-6.346965, -21.176846
-6.491602, -21.621995
-6.346965, -22.067144
-5.968298, -22.342261
-5.500241, -22.342261
-5.121575, -22.067144
-4.976937, -21.621995
1
10
-2.497193, 25.495152
-2.730956, 25.664991
-3.019904, 25.664991
-3.253668, 25.495152
-3.342958, 25.220346
-3.253668, 24.945540
-3.019904, 24.775701
-2.730956, 24.775701
-2.497193, 24.945540
-2.407903, 25.220346
1
10
26.486885, 20.561692
26.141006, 20.812988
25.713476, 20.812988
25.367597, 20.561692
25.235483, 20.155087
25.367597, 19.748481
25.713476, 19.497186
26.141006, 19.497186
26.486885, 19.748481
26.618999, 20.155087
1
10
-20.619216, -41.013160
-20.828160, -40.861353
-21.086429, -40.861353
-21.295374, -41.013160
-21.375183, -41.258789
-21.295374, -41.504418
-21.086429, -41.656225
-20.828160, -41.656225
-20.619216, -41.504418
-20.539406, -41.258789
1
10
37.081546, -29.631990
36.943779, -29.531896
36.773489, -29.531896
36.635721, -29.631990
36.583099, -29.793945
36.635721, -29.955901
36.773489, -30.055995
36.943779, -30.055995
37.081546, -29.955901
37.134169, -29.793945
1
10
33.878127, -37.570290
33.470880, -37.274408
32.967494, -37.274408
32.560247, -37.570290
32.404692, -38.049038
32.560247, -38.527787
32.967494, -38.823669
33.470880, -38.823669
33.878127, -38.527787
34.033682, -38.049038
1
10
23.048821, -5.677154
22.786421, -5.486510
22.462078, -5.486510
22.199678, -5.677154
22.099450, -5.985623
22.199678, -6.294092
22.462078, -6.484737
22.786421, -6.484737
23.048821, -6.294092
23.149049, -5.985623
1
10
-29.066736, 33.574025
-29.400940, 33.816838
-29.814038, 33.816838
-30.148241, 33.574025
-30.275896, 33.181145
-30.148241, 32.788266
-29.814038, 32.545453
-29.400940, 32.545453
-29.066736, 32.788266
-28.939082, 33.181145
1
10
42.813192, 26.038295
42.384939, 26.349439
41.855590, 26.349439
41.427338, 26.038295
41.263760, 25.534854
41.427338, 25.031413
41.855590, 24.720269
42.384939, 24.720269
42.813192, 25.031413
42.976770, 25.534854
1
10
12.473208, 18.415807
11.978132, 18.775502
11.366184, 18.775502
10.871107, 18.415807
10.682005, 17.833810
10.871107, 17.251813
11.366184, 16.892119
11.978132, 16.892119
12.473208, 17.251813
12.662311, 17.833810
1
10
-48.142741, -26.646852
-48.391861, -26.465856
-48.699790, -26.465856
-48.948910, -26.646852
-49.044065, -26.939710
-48.948910, -27.232568
-48.699790, -27.413564
-48.391861, -27.413564
-48.142741, -27.232568
-48.047586, -26.939710
1
10
-24.954474, -3.140126
-25.143810, -3.002566
-25.377843, -3.002566
-25.567179, -3.140126
-25.639499, -3.362705
-25.567179, -3.585283
-25.377843, -3.722843
-25.143810, -3.722843
-24.954474, -3.585283
-24.882154, -3.362705
1
10
44.943842, -13.586819
44.786679, -13.472633
44.592415, -13.472633
44.435252, -13.586819
44.375221, -13.771575
44.435252, -13.956331
44.592415, -14.070517
44.786679, -14.070517
44.943842, -13.956331
45.003873, -13.771575
1
10
46.986292, -24.066653
46.842898, -23.962471
46.665654, -23.962471
46.522260, -24.066653
46.467488, -24.235222
46.522260, -24.403792
46.665654, -24.507973
46.842898, -24.507973
46.986292, -24.403792
47.041063, -24.235222
1
10
-39.739034, -5.426312
-40.094187, -5.168278
-40.533180, -5.168278
-40.888333, -5.426312
-41.023990, -5.843819
-40.888333, -6.261327
-40.533180, -6.519360
-40.094187, -6.519360
-39.739034, -6.261327
-39.603378, -5.843819
1
10
-33.825107, -4.175921
-34.157508, -3.934417
-34.568378, -3.934417
-34.900779, -4.175921
-35.027745, -4.566681
-34.900779, -4.957442
-34.568378, -5.198945
-34.157508, -5.198945
-33.825107, -4.957442
-33.698141, -4.566681
1
10
36.063275, -25.827536
35.802710, -25.638224
35.480634, -25.638224
35.220068, -25.827536
35.120541, -26.133849
35.220068, -26.440161
35.480634, -26.629473
35.802710, -26.629473
36.063275, -26.440161
36.162802, -26.133849
1
10
-4.555953, 39.201252
-4.786318, 39.368622
-5.071066, 39.368622
-5.301432, 39.201252
-5.389424, 38.930441
-5.301432, 38.659629
-5.071066, 38.492259
-4.786318, 38.492259
-4.555953, 38.659629
-4.467961, 38.930441
1
10
-17.438474, 22.133228
-17.778151, 22.380018
-18.198015, 22.380018
-18.537692, 22.133228
-18.667438, 21.733914
-18.537692, 21.334599
-18.198015, 21.087809
-17.778151, 21.087809
-17.438474, 21.334599
-17.308728, 21.733914
1
10
31.276737, 7.355878
30.829888, 7.680533
30.277552, 7.680533
29.830703, 7.355878
29.660021, 6.830575
29.830703, 6.305273
30.277552, 5.980618
30.829888, 5.980618
31.276737, 6.305273
31.447418, 6.830575
1
10
-2.181100, 28.791666
-2.678988, 29.153403
-3.294412, 29.153403
-3.792300, 28.791666
-3.982476, 28.206364
-3.792300, 27.621061
-3.294412, 27.259324
-2.678988, 27.259324
-2.181100, 27.621061
-1.990924, 28.206364
1
10
5.532031, -3.902207
5.084065, -3.576741
4.530347, -3.576741
4.082381, -3.902207
3.911273, -4.428824
4.082381, -4.955440
4.530347, -5.280907
5.084065, -5.280907
5.532031, -4.955440
5.703139, -4.428824
1
10
24.415481, -12.915380
23.938334, -12.568713
23.348548, -12.568713
22.871401, -12.915380
22.689147, -13.476300
22.871401, -14.037220
23.348548, -14.383888
23.938334, -14.383888
24.415481, -14.037220
24.597735, -13.476300
1
10
18.721708, -43.219950
18.252049, -42.878723
17.671518, -42.878723
17.201859, -43.219950
17.022465, -43.772068
17.201859, -44.324185
17.671518, -44.665413
18.252049, -44.665413
18.721708, -44.324185
18.901102, -43.772068
1
10
-31.144412, -2.812496
-31.405407, -2.622872
-31.728016, -2.622872
-31.989011, -2.812496
-32.088703, -3.119315
-31.989011, -3.426134
-31.728016, -3.615758
-31.405407, -3.615758
-31.144412, -3.426134
-31.044720, -3.119315
1
10
-1.643461, -47.457779
-1.831442, -47.321203
-2.063799, -47.321203
-2.251780, -47.457779
-2.323582, -47.678763
-2.251780, -47.899748
-2.063799, -48.036324
-1.831442, -48.036324
-1.643461, -47.899748
-1.571659, -47.678763
1
10
28.483182, 2.593889
28.094958, 2.875951
27.615086, 2.875951
27.226862, 2.593889
27.078573, 2.137504
27.226862, 1.681119
27.615086, 1.399058
28.094958, 1.399058
28.483182, 1.681119
28.631471, 2.137504
1
10
19.546714, 29.042477
19.289136, 29.229619
18.970753, 29.229619
18.713175, 29.042477
18.614789, 28.739676
18.713175, 28.436875
18.970753, 28.249734
19.289136, 28.249734
19.546714, 28.436875
19.645100, 28.739676
1
10
-28.412365, 17.169488
-28.782485, 17.438396
-29.239979, 17.438396
-29.610100, 17.169488
-29.751473, 16.734385
-29.610100, 16.299282
-29.239979, 16.030374
-28.782485, 16.030374
-28.412365, 16.299282
-28.270991, 16.734385
1
10
44.855828, 11.075800
44.527049, 11.314672
44.120657, 11.314672
43.791878, 11.075800
43.666296, 10.689298
43.791878, 10.302795
44.120657, 10.063924
44.527049, 10.063924
44.855828, 10.302795
44.981410, 10.689298
1
10
10.477810, -20.542965
10.175127, -20.323053
9.800990, -20.323053
9.498307, -20.542965
9.382693, -20.898790
9.498307, -21.254615
9.800990, -21.474527
10.175127, -21.474527
10.477810, -21.254615
10.593424, -20.898790
1
10
11.439269, 26.255975
11.182821, 26.442295
10.865833, 26.442295
10.609385, 26.255975
10.511430, 25.954501
10.609385, 25.653028
10.865833, 25.466708
11.182821, 25.466708
11.439269, 25.653028
11.537224, 25.954501
1
10
44.256307, -35.453459
43.999442, -35.266835
43.681940, -35.266835
43.425075, -35.453459
43.326962, -35.755421
43.425075, -36.057384
43.681940, -36.244007
43.999442, -36.244007
44.256307, -36.057384
44.354421, -35.755421
1
10
5.952887, 45.383070
5.573175, 45.658947
5.103825, 45.658947
4.724113, 45.383070
4.579076, 44.936692
4.724113, 44.490314
5.103825, 44.214437
5.573175, 44.214437
5.952887, 44.490314
6.097924, 44.936692
1
10
-27.417384, 15.962825
-27.797512, 16.239005
-28.267376, 16.239005
-28.647505, 15.962825
-28.792701, 15.515958
-28.647505, 15.069090
-28.267376, 14.792910
-27.797512, 14.792910
-27.417384, 15.069090
-27.272187, 15.515958
1
10
0.639589, 10.595117
0.487377, 10.705706
0.299232, 10.705706
0.147020, 10.595117
0.088880, 10.416181
0.147020, 10.237244
0.299232, 10.126656
0.487377, 10.126656
0.639589, 10.237244
0.697729, 10.416181
1
10
12.459092, -20.961407
12.319516, -20.859998
12.146990, -20.859998
12.007414, -20.961407
11.954100, -21.125488
12.007414, -21.289570
12.146990, -21.390978
12.319516, -21.390978
12.459092, -21.289570
12.512406, -21.125488
1
10
-6.189030, -33.205766
-6.393274, -33.057374
-6.645734, -33.057374
-6.849977, -33.205766
-6.927992, -33.445869
-6.849977, -33.685972
-6.645734, -33.834364
-6.393274, -33.834364
-6.189030, -33.685972
-6.111016, -33.445869
1
10
18.022770, 16.246343
17.695297, 16.484266
17.290518, 16.484266
16.963045, 16.246343
16.837961, 15.861376
16.963045, 15.476408
17.290518, 15.238485
17.695297, 15.238485
18.022770, 15.476408
18.147853, 15.861376
1
10
-0.145622, -47.496239
-0.601319, -47.165155
-1.164592, -47.165155
-1.620289, -47.496239
-1.794350, -48.031943
-1.620289, -48.567647
-1.164592, -48.898730
-0.601319, -48.898730
-0.145622, -48.567647
0.028439, -48.031943
1
10
-17.163578, 15.390806
-17.592302, 15.702293
-18.122235, 15.702293
-18.550959, 15.390806
-18.714717, 14.886811
-18.550959, 14.382815
-18.122235, 14.071328
-17.592302, 14.071328
-17.163578, 14.382815
-16.999819, 14.886811
1
10
42.580998, 30.485478
42.314185, 30.679329
41.984386, 30.679329
41.717573, 30.485478
41.615659, 30.171821
41.717573, 29.858163
41.984386, 29.664312
42.314185, 29.664312
42.580998, 29.858163
42.682912, 30.171821
1
10
31.211894, -45.844780
31.010089, -45.698160
30.760645, -45.698160
30.558840, -45.844780
30.481758, -46.082016
30.558840, -46.319251
30.760645, -46.465871
31.010089, -46.465871
31.211894, -46.319251
31.288976, -46.082016
1
10
18.867499, 12.576262
18.419069, 12.902065
17.864779, 12.902065
17.416349, 12.576262
17.245064, 12.049101
17.416349, 11.521940
17.864779, 11.196136
18.419069, 11.196136
18.867499, 11.521940
19.038784, 12.049101
1
10
-4.022642, 40.420951
-4.197672, 40.548117
-4.414020, 40.548117
-4.589049, 40.420951
-4.655904, 40.215192
-4.589049, 40.009432
-4.414020, 39.882266
-4.197672, 39.882266
-4.022642, 40.009432
-3.955787, 40.215192
1
10
-29.166848, 39.038693
-29.414609, 39.218702
-29.720859, 39.218702
-29.968621, 39.038693
-30.063258, 38.747431
-29.968621, 38.456170
-29.720859, 38.276161
-29.414609, 38.276161
-29.166848, 38.456170
-29.072211, 38.747431
1
10
-29.639229, -22.686394
-29.967248, -22.448074
-30.372702, -22.448074
-30.700720, -22.686394
-30.826013, -23.072003
-30.700720, -23.457613
-30.372702, -23.695932
-29.967248, -23.695932
-29.639229, -23.457613
-29.513937, -23.072003
1
10
-42.051419, 20.152501
-42.416047, 20.417419
-42.866752, 20.417419
-43.231380, 20.152501
-43.370655, 19.723855
-43.231380, 19.295209
-42.866752, 19.030291
-42.416047, 19.030291
-42.051419, 19.295209
-41.912144, 19.723855
1
10
17.092321, 10.651611
16.828506, 10.843284
16.502413, 10.843284
16.238598, 10.651611
16.137829, 10.341478
16.238598, 10.031345
16.502413, 9.839672
16.828506, 9.839672
17.092321, 10.031345
17.193090, 10.341478
1
10
3.614413, -18.594849
3.418797, -18.452726
3.177001, -18.452726
2.981385, -18.594849
2.906666, -18.824810
2.981385, -19.054771
3.177001, -19.196895
3.418797, -19.196895
3.614413, -19.054771
3.689132, -18.824810
1
10
36.478524, -4.413184
36.143537, -4.169802
35.729472, -4.169802
35.394486, -4.413184
35.266532, -4.806984
35.394486, -5.200784
35.729472, -5.444166
36.143537, -5.444166
36.478524, -5.200784
36.606477, -4.806984
1
10
19.565280, 29.239520
19.140469, 29.548164
18.615373, 29.548164
18.190562, 29.239520
18.028298, 28.740125
18.190562, 28.240729
18.615373, 27.932085
19.140469, 27.932085
19.565280, 28.240729
19.727544, 28.740125
1
10
44.049479, 20.542014
43.652914, 20.830136
43.162732, 20.830136
42.766166, 20.542014
42.614692, 20.075824
42.766166, 19.609633
43.162732, 19.321511
43.652914, 19.321511
44.049479, 19.609633
44.200954, 20.075824
1
10
-30.060178, 38.984445
-30.361199, 39.203149
-30.733280, 39.203149
-31.034300, 38.984445
-31.149280, 38.630574
-31.034300, 38.276704
-30.733280, 38.058000
-30.361199, 38.058000
-30.060178, 38.276704
-29.945199, 38.630574
1
10
41.033830, 4.343557
40.852902, 4.475008
40.629264, 4.475008
40.448336, 4.343557
40.379228, 4.130864
40.448336, 3.918171
40.629264, 3.786719
40.852902, 3.786719
41.033830, 3.918171
41.102938, 4.130864
1
10
37.449531, 25.226314
37.035707, 25.526974
36.524194, 25.526974
36.110371, 25.226314
35.952304, 24.739835
36.110371, 24.253357
36.524194, 23.952697
37.035707, 23.952697
37.449531, 24.253357
37.607597, 24.739835
1
10
-25.286513, -35.862758
-25.707015, -35.557246
-26.226783, -35.557246
-26.647285, -35.862758
-26.807903, -36.357088
-26.647285, -36.851417
-26.226783, -37.156930
-25.707015, -37.156930
-25.286513, -36.851417
-25.125896, -36.357088
1
10
39.283014, -14.278074
38.956266, -14.040678
38.552383, -14.040678
38.225635, -14.278074
38.100828, -14.662190
38.225635, -15.046305
38.552383, -15.283702
38.956266, -15.283702
39.283014, -15.046305
39.407821, -14.662190
1
10
-9.141365, -39.719039
-9.563297, -39.412487
-10.084833, -39.412487
-10.506765, -39.719039
-10.667929, -40.215049
-10.506765, -40.711060
-10.084833, -41.017612
-9.563297, -41.017612
-9.141365, -40.711060
-8.980201, -40.215049
1
10
-24.786199, -3.530395
-25.018230, -3.361814
-25.305036, -3.361814
-25.537067, -3.530395
-25.625695, -3.803163
-25.537067, -4.075932
-25.305036, -4.244512
-25.018230, -4.244512
-24.786199, -4.075932
-24.697571, -3.803163
1
10
-39.766034, 8.741809
-39.893085, 8.834118
-40.050130, 8.834118
-40.177181, 8.741809
-40.225711, 8.592451
-40.177181, 8.443093
-40.050130, 8.350785
-39.893085, 8.350785
-39.766034, 8.443093
-39.717505, 8.592451
1
10
-25.600551, 49.813795
-26.005751, 50.108190
-26.506605, 50.108190
-26.911805, 49.813795
-27.066577, 49.337454
-26.911805, 48.861113
-26.506605, 48.566718
-26.005751, 48.566718
-25.600551, 48.861113
-25.445779, 49.337454
1
10
29.671655, -49.310313
29.466027, -49.160915
29.211857, -49.160915
29.006230, -49.310313
28.927687, -49.552043
29.006230, -49.793773
29.211857, -49.943170
29.466027, -49.943170
29.671655, -49.793773
29.750198, -49.552043
1
10
-21.955655, 20.863354
-22.382941, 21.173796
-22.911096, 21.173796
-23.338382, 20.863354
-23.501591, 20.361049
-23.338382, 19.858744
-22.911096, 19.548303
-22.382941, 19.548303
-21.955655, 19.858744
-21.792446, 20.361049
1
10
16.628096, -2.574515
16.216851, -2.275728
15.708524, -2.275728
15.297278, -2.574515
15.140197, -3.057963
15.297278, -3.541411
15.708524, -3.840198
16.216851, -3.840198
16.628096, -3.541411
16.785178, -3.057963
1
10
9.539101, 24.668404
9.183213, 24.926973
8.743310, 24.926973
8.387421, 24.668404
8.251483, 24.250032
8.387421, 23.831660
8.743310, 23.573091
9.183213, 23.573091
9.539101, 23.831660
9.675039, 24.250032
1
10
-20.992096, -37.376248
-21.296650, -37.154976
-21.673099, -37.154976
-21.977653, -37.376248
-22.093982, -37.734272
-21.977653, -38.092297
-21.673099, -38.313568
-21.296650, -38.313568
-20.992096, -38.092297
-20.875767, -37.734272
1
10
0.892185, -26.872908
0.549779, -26.624136
0.126543, -26.624136
-0.215863, -26.872908
-0.346651, -27.275431
-0.215863, -27.677953
0.126543, -27.926725
0.549779, -27.926725
0.892185, -27.677953
1.022973, -27.275431
1
10
-23.527860, -44.501400
-23.758199, -44.334049
-24.042914, -44.334049
-24.273253, -44.501400
-24.361235, -44.772180
-24.273253, -45.042960
-24.042914, -45.210311
-23.758199, -45.210311
-23.527860, -45.042960
-23.439878, -44.772180
1
10
26.904000, -13.099225
26.714504, -12.961548
26.480274, -12.961548
26.290778, -13.099225
26.218397, -13.321990
26.290778, -13.544756
26.480274, -13.682433
26.714504, -13.682433
26.904000, -13.544756
26.976381, -13.321990
1
10
0.048765, 14.068008
-0.203215, 14.251082
-0.514679, 14.251082
-0.766659, 14.068008
-0.862907, 13.771788
-0.766659, 13.475568
-0.514679, 13.292493
-0.203215, 13.292493
0.048765, 13.475568
0.145013, 13.771788
1
10
50.518141, 38.917699
50.038577, 39.266122
49.445803, 39.266122
48.966239, 38.917699
48.783062, 38.353937
48.966239, 37.790176
49.445803, 37.441752
50.038577, 37.441752
50.518141, 37.790176
50.701318, 38.353937
1
10
45.621689, -47.337686
45.323341, -47.120923
44.954563, -47.120923
44.656216, -47.337686
44.542257, -47.688414
44.656216, -48.039143
44.954563, -48.255905
45.323341, -48.255905
45.621689, -48.039143
45.735647, -47.688414
1
10
21.156977, 38.449287
20.984117, 38.574877
20.770450, 38.574877
20.597589, 38.449287
20.531563, 38.246077
20.597589, 38.042868
20.770450, 37.917278
20.984117, 37.917278
21.156977, 38.042868
21.223004, 38.246077
1
10
-16.380102, -21.234908
-16.590853, -21.081788
-16.851356, -21.081788
-17.062107, -21.234908
-17.142606, -21.482661
-17.062107, -21.730413
-16.851356, -21.883533
-16.590853, -21.883533
-16.380102, -21.730413
-16.299602, -21.482661
1
10
5.915931, -2.754598
5.691720, -2.591699
5.414580, -2.591699
5.190369, -2.754598
5.104729, -3.018174
5.190369, -3.281749
5.414580, -3.444648
5.691720, -3.444648
5.915931, -3.281749
6.001572, -3.018174
1
10
43.884870, 47.130530
43.678974, 47.280123
43.424472, 47.280123
43.218576, 47.130530
43.139931, 46.888485
43.218576, 46.646439
43.424472, 46.496847
43.678974, 46.496847
43.884870, 46.646439
43.963515, 46.888485
1
10
-33.450535, -4.131763
-33.671093, -3.971519
-33.943717, -3.971519
-34.164275, -4.131763
-34.248521, -4.391045
-34.164275, -4.650326
-33.943717, -4.810571
-33.671093, -4.810571
-33.450535, -4.650326
-33.366289, -4.391045
1
10
-22.865221, 49.473090
-23.199873, 49.716228
-23.613525, 49.716228
-23.948176, 49.473090
-24.076001, 49.079683
-23.948176, 48.686277
-23.613525, 48.443139
-23.199873, 48.443139
-22.865221, 48.686277
-22.737396, 49.079683
1
10
35.125762, -17.155688
34.912492, -17.000738
34.648875, -17.000738
34.435604, -17.155688
34.354142, -17.406403
34.435604, -17.657117
34.648875, -17.812067
34.912492, -17.812067
35.125762, -17.657117
35.207224, -17.406403
1
10
23.210431, -35.822366
22.864546, -35.571066
22.437010, -35.571066
22.091125, -35.822366
21.959009, -36.228977
22.091125, -36.635589
22.437010, -36.886888
22.864546, -36.886888
23.210431, -36.635589
23.342547, -36.228977
1
10
19.217777, 44.559447
18.796173, 44.865760
18.275042, 44.865760
17.853437, 44.559447
17.692399, 44.063821
17.853437, 43.568196
18.275042, 43.261883
18.796173, 43.261883
19.217777, 43.568196
19.378815, 44.063821
1
10
-34.927688, 26.207558
-35.205476, 26.409382
-35.548840, 26.409382
-35.826627, 26.207558
-35.932733, 25.880999
-35.826627, 25.554440
-35.548840, 25.352615
-35.205476, 25.352615
-34.927688, 25.554440
-34.821583, 25.880999
1
10
-13.303217, 40.283981
-13.599721, 40.499403
-13.966220, 40.499403
-14.262723, 40.283981
-14.375978, 39.935420
-14.262723, 39.586858
-13.966220, 39.371436
-13.599721, 39.371436
-13.303217, 39.586858
-13.189962, 39.935420
1
10
-33.077304, -15.385256
-33.221202, -15.280708
-33.399070, -15.280708
-33.542968, -15.385256
-33.597932, -15.554418
-33.542968, -15.723581
-33.399070, -15.828129
-33.221202, -15.828129
-33.077304, -15.723581
-33.022339, -15.554418
1
10
-40.055759, -33.206443
-40.417691, -32.943485
-40.865062, -32.943485
-41.226994, -33.206443
-41.365239, -33.631919
-41.226994, -34.057395
-40.865062, -34.320353
-40.417691, -34.320353
-40.055759, -34.057395
-39.917514, -33.631919
1
10
24.849986, 28.298688
24.529683, 28.531401
24.133766, 28.531401
23.813463, 28.298688
23.691118, 27.922149
23.813463, 27.545610
24.133766, 27.312896
24.529683, 27.312896
24.849986, 27.545610
24.972331, 27.922149
1
10
-47.350393, 10.245424
-47.602206, 10.428376
-47.913463, 10.428376
-48.165276, 10.245424
-48.261459, 9.949400
-48.165276, 9.653377
-47.913463, 9.470424
-47.602206, 9.470424
-47.350393, 9.653377
-47.254209, 9.949400
1
10
28.899028, 39.921960
28.614313, 40.128817
28.262386, 40.128817
27.977672, 39.921960
27.868920, 39.587257
27.977672, 39.252555
28.262386, 39.045697
28.614313, 39.045697
28.899028, 39.252555
29.007780, 39.587257
1
10
50.398314, 33.501014
50.037498, 33.763162
49.591506, 33.763162
49.230690, 33.501014
49.092871, 33.076850
49.230690, 32.652686
49.591506, 32.390538
50.037498, 32.390538
50.398314, 32.652686
50.536133, 33.076850
1
10
29.090329, 48.509012
28.898083, 48.648687
28.660454, 48.648687
28.468209, 48.509012
28.394777, 48.283014
28.468209, 48.057015
28.660454, 47.917341
28.898083, 47.917341
29.090329, 48.057015
29.163760, 48.283014
1
10
-5.883379, -7.852511
-6.369848, -7.499070
-6.971158, -7.499070
-7.457628, -7.852511
-7.643443, -8.424390
-7.457628, -8.996270
-6.971158, -9.349711
-6.369848, -9.349711
-5.883379, -8.996270
-5.697564, -8.424390
1
10
-38.763864, 31.475741
-39.061186, 31.691759
-39.428697, 31.691759
-39.726019, 31.475741
-39.839586, 31.126218
-39.726019, 30.776695
-39.428697, 30.560678
-39.061186, 30.560678
-38.763864, 30.776695
-38.650297, 31.126218
1
10
13.325134, 29.274117
12.853371, 29.616873
12.270240, 29.616873
11.798476, 29.274117
11.618279, 28.719526
11.798476, 28.164935
12.270240, 27.822179
12.853371, 27.822179
13.325134, 28.164935
13.505332, 28.719526
1
10
43.538732, 49.559462
43.068604, 49.901030
42.487495, 49.901030
42.017368, 49.559462
41.837796, 49.006795
42.017368, 48.454127
42.487495, 48.112560
43.068604, 48.112560
43.538732, 48.454127
43.718304, 49.006795
1
10
-6.430573, 28.098843
-6.712781, 28.303880
-7.061611, 28.303880
-7.343819, 28.098843
-7.451613, 27.767087
-7.343819, 27.435331
-7.061611, 27.230294
-6.712781, 27.230294
-6.430573, 27.435331
-6.322778, 27.767087
1
10
16.692879, -30.232504
16.502768, -30.094380
16.267776, -30.094380
16.077665, -30.232504
16.005048, -30.455994
16.077665, -30.679484
16.267776, -30.817608
16.502768, -30.817608
16.692879, -30.679484
16.765496, -30.455994
1
10
46.419075, 49.065604
45.941058, 49.412903
45.350197, 49.412903
44.872181, 49.065604
44.689595, 48.503661
44.872181, 47.941719
45.350197, 47.594420
45.941058, 47.594420
46.419075, 47.941719
46.601661, 48.503661
1
10
-19.328480, 43.042991
-19.652449, 43.278368
-20.052897, 43.278368
-20.376866, 43.042991
-20.500611, 42.662143
-20.376866, 42.281294
-20.052897, 42.045917
-19.652449, 42.045917
-19.328480, 42.281294
-19.204735, 42.662143
1
10
36.801245, -22.143035
36.322779, -21.795409
35.731362, -21.795409
35.252895, -22.143035
35.070137, -22.705506
35.252895, -23.267977
35.731362, -23.615603
36.322779, -23.615603
36.801245, -23.267977
36.984003, -22.705506
1
10
2.357157, -1.583392
2.131164, -1.419198
1.851820, -1.419198
1.625827, -1.583392
1.539505, -1.849063
1.625827, -2.114735
1.851820, -2.278929
2.131164, -2.278929
2.357157, -2.114735
2.443479, -1.849063
1
10
12.839521, 45.879208
12.550366, 46.089291
12.192951, 46.089291
11.903796, 45.879208
11.793348, 45.539286
11.903796, 45.199364
12.192951, 44.989280
12.550366, 44.989280
12.839521, 45.199364
12.949968, 45.539286
1
10
37.734145, 20.498323
37.430164, 20.719178
37.054423, 20.719178
36.750442, 20.498323
36.634332, 20.140972
36.750442, 19.783621
37.054423, 19.562766
37.430164, 19.562766
37.734145, 19.783621
37.850255, 20.140972
1
10
-10.756668, -10.524581
-10.944165, -10.388357
-11.175924, -10.388357
-11.363420, -10.524581
-11.435038, -10.744997
-11.363420, -10.965412
-11.175924, -11.101637
-10.944165, -11.101637
-10.756668, -10.965412
-10.685051, -10.744997
1
10
-10.798248, -25.008202
-11.227210, -24.696543
-11.757437, -24.696543
-12.186399, -25.008202
-12.350248, -25.512477
-12.186399, -26.016753
-11.757437, -26.328412
-11.227210, -26.328412
-10.798248, -26.016753
-10.634399, -25.512477
1
10
-17.902021, 6.410156
-18.136800, 6.580733
-18.427002, 6.580733
-18.661781, 6.410156
-18.751459, 6.134157
-18.661781, 5.858158
-18.427002, 5.687581
-18.136800, 5.687581
-17.902021, 5.858158
-17.812343, 6.134157
1
10
30.818064, -31.389043
30.685212, -31.292520
30.520998, -31.292520
30.388145, -31.389043
30.337400, -31.545220
30.388145, -31.701397
30.520998, -31.797920
30.685212, -31.797920
30.818064, -31.701397
30.868809, -31.545220
1
10
-11.676945, -36.994269
-11.811568, -36.896460
-11.977971, -36.896460
-12.112594, -36.994269
-12.164016, -37.152528
-12.112594, -37.310787
-11.977971, -37.408596
-11.811568, -37.408596
-11.676945, -37.310787
-11.625524, -37.152528
1
10
-7.482560, 35.465629
-7.674110, 35.604798
-7.910879, 35.604798
-8.102429, 35.465629
-8.175594, 35.240448
-8.102429, 35.015268
-7.910879, 34.876099
-7.674110, 34.876099
-7.482560, 35.015268
-7.409394, 35.240448
1
10
-34.211171, 2.745004
-34.523086, 2.971624
-34.908634, 2.971624
-35.220549, 2.745004
-35.339690, 2.378326
-35.220549, 2.011648
-34.908634, 1.785028
-34.523086, 1.785028
-34.211171, 2.011648
-34.092030, 2.378326
1
10
7.015881, -5.365927
6.733991, -5.161122
6.385555, -5.161122
6.103665, -5.365927
5.995992, -5.697309
6.103665, -6.028691
6.385555, -6.233496
6.733991, -6.233496
7.015881, -6.028691
7.123553, -5.697309
1
10
30.376642, -10.832727
30.034946, -10.584471
29.612587, -10.584471
29.270892, -10.832727
29.140376, -11.234415
29.270892, -11.636102
29.612587, -11.884358
30.034946, -11.884358
30.376642, -11.636102
30.507158, -11.234415
1
10
-14.004113, -4.122772
-14.277946, -3.923821
-14.616422, -3.923821
-14.890254, -4.122772
-14.994849, -4.444682
-14.890254, -4.766591
-14.616422, -4.965542
-14.277946, -4.965542
-14.004113, -4.766591
-13.899518, -4.444682
1
10
-47.401999, -2.980746
-47.726062, -2.745301
-48.126627, -2.745301
-48.450690, -2.980746
-48.574471, -3.361705
-48.450690, -3.742664
-48.126627, -3.978110
-47.726062, -3.978110
-47.401999, -3.742664
-47.278218, -3.361705
1
10
5.372658, -45.278043
4.943323, -44.966113
4.412636, -44.966113
3.983301, -45.278043
3.819309, -45.782756
3.983301, -46.287470
4.412636, -46.599400
4.943323, -46.599400
5.372658, -46.287470
5.536649, -45.782756
1
10
16.013915, 9.760579
15.618648, 10.047757
15.130071, 10.047757
14.734804, 9.760579
14.583825, 9.295914
14.734804, 8.831250
15.130071, 8.544072
15.618648, 8.544072
16.013915, 8.831250
16.164894, 9.295914
1
10
-9.719506, -28.082930
-10.079519, -27.821365
-10.524520, -27.821365
-10.884534, -28.082930
-11.022046, -28.506150
-10.884534, -28.929371
-10.524520, -29.190936
-10.079519, -29.190936
-9.719506, -28.929371
-9.581993, -28.506150
1
10
32.639132, 7.492399
32.249956, 7.775152
31.768908, 7.775152
31.379732, 7.492399
31.231080, 7.034895
31.379732, 6.577391
31.768908, 6.294638
32.249956, 6.294638
32.639132, 6.577391
32.787784, 7.034895
1
10
22.870341, 14.294776
22.540631, 14.534325
22.133085, 14.534325
21.803375, 14.294776
21.677436, 13.907178
21.803375, 13.519580
22.133085, 13.280031
22.540631, 13.280031
22.870341, 13.519580
22.996280, 13.907178
1
10
-36.696228, -47.924069
-37.036643, -47.676744
-37.457418, -47.676744
-37.797832, -47.924069
-37.927859, -48.324250
-37.797832, -48.724431
-37.457418, -48.971757
-37.036643, -48.971757
-36.696228, -48.724431
-36.566202, -48.324250
1
10
-9.262607, 41.990718
-9.431215, 42.113219
-9.639626, 42.113219
-9.808234, 41.990718
-9.872637, 41.792507
-9.808234, 41.594296
-9.639626, 41.471795
-9.431215, 41.471795
-9.262607, 41.594296
-9.198204, 41.792507
1
10
5.570849, -25.266288
5.379836, -25.127508
5.143730, -25.127508
4.952716, -25.266288
4.879755, -25.490838
4.952716, -25.715388
5.143730, -25.854168
5.379836, -25.854168
5.570849, -25.715388
5.643810, -25.490838
1
10
43.439889, -37.145757
43.014087, -36.836394
42.487767, -36.836394
42.061966, -37.145757
41.899324, -37.646316
42.061966, -38.146876
42.487767, -38.456239
43.014087, -38.456239
43.439889, -38.146876
43.602530, -37.646316
1
10
-15.597197, -39.060195
-15.855782, -38.872322
-16.175410, -38.872322
-16.433995, -39.060195
-16.532765, -39.364179
-16.433995, -39.668164
-16.175410, -39.856036
-15.855782, -39.856036
-15.597197, -39.668164
-15.498427, -39.364179
1
10
37.185602, -13.419809
36.711084, -13.075051
36.124548, -13.075051
35.650030, -13.419809
35.468780, -13.977638
35.650030, -14.535467
36.124548, -14.880224
36.711084, -14.880224
37.185602, -14.535467
37.366852, -13.977638
1
10
26.036930, 14.940346
25.571458, 15.278531
24.996103, 15.278531
24.530631, 14.940346
24.352837, 14.393152
24.530631, 13.845957
24.996103, 13.507772
25.571458, 13.507772
26.036930, 13.845957
26.214724, 14.393152
1
10
-15.944651, -9.607321
-16.330900, -9.326696
-16.808329, -9.326696
-17.194577, -9.607321
-17.342111, -10.061383
-17.194577, -10.515445
-16.808329, -10.796071
-16.330900, -10.796071
-15.944651, -10.515445
-15.797118, -10.061383
1
10
-24.952871, -17.918170
-25.343108, -17.634647
-25.825466, -17.634647
-26.215703, -17.918170
-26.364760, -18.376920
-26.215703, -18.835671
-25.825466, -19.119194
-25.343108, -19.119194
-24.952871, -18.835671
-24.803814, -18.376920
1
10
3.353487, 48.313101
3.091432, 48.503496
2.767514, 48.503496
2.505459, 48.313101
2.405363, 48.005037
2.505459, 47.696973
2.767514, 47.506579
3.091432, 47.506579
3.353487, 47.696973
3.453583, 48.005037
1
10
12.509683, 38.408692
12.184832, 38.644709
11.783295, 38.644709
11.458445, 38.408692
11.334363, 38.026808
11.458445, 37.644923
11.783295, 37.408906
12.184832, 37.408906
12.509683, 37.644923
12.633764, 38.026808
1
10
-37.057917, 31.379665
-37.348787, 31.590994
-37.708322, 31.590994
-37.999192, 31.379665
-38.110295, 31.037727
-37.999192, 30.695788
-37.708322, 30.484459
-37.348787, 30.484459
-37.057917, 30.695788
-36.946814, 31.037727
1
10
-6.761874, -35.206428
-6.969890, -35.055295
-7.227012, -35.055295
-7.435028, -35.206428
-7.514483, -35.450965
-7.435028, -35.695503
-7.227012, -35.846636
-6.969890, -35.846636
-6.761874, -35.695503
-6.682419, -35.450965
1
10
-11.512122, 13.326392
-11.897042, 13.606053
-12.372829, 13.606053
-12.757749, 13.326392
-12.904775, 12.873892
-12.757749, 12.421391
-12.372829, 12.141731
-11.897042, 12.141731
-11.512122, 12.421391
-11.365096, 12.873892
1
10
-14.969267, 21.483019
-15.175258, 21.632681
-15.429877, 21.632681
-15.635868, 21.483019
-15.714550, 21.240862
-15.635868, 20.998705
-15.429877, 20.849043
-15.175258, 20.849043
-14.969267, 20.998705
-14.890585, 21.240862
1
10
11.840602, -2.156558
11.587785, -1.972876
11.275286, -1.972876
11.022469, -2.156558
10.925902, -2.453762
11.022469, -2.750966
11.275286, -2.934648
11.587785, -2.934648
11.840602, -2.750966
11.937169, -2.453762
1
10
25.027195, 17.359993
24.693263, 17.602609
24.280500, 17.602609
23.946568, 17.359993
23.819017, 16.967432
23.946568, 16.574871
24.280500, 16.332256
24.693263, 16.332256
25.027195, 16.574871
25.154746, 16.967432
1
10
23.143439, 43.787514
22.919620, 43.950128
22.642965, 43.950128
22.419146, 43.787514
22.333655, 43.524399
22.419146, 43.261285
22.642965, 43.098671
22.919620, 43.098671
23.143439, 43.261285
23.228930, 43.524399
1
10
-30.779201, -22.750703
-30.959803, -22.619488
-31.183040, -22.619488
-31.363642, -22.750703
-31.432626, -22.963014
-31.363642, -23.175325
-31.183040, -23.306540
-30.959803, -23.306540
-30.779201, -23.175325
-30.710217, -22.963014
1
10
-33.224356, 30.182607
-33.434197, 30.335065
-33.693574, 30.335065
-33.903416, 30.182607
-33.983568, 29.935924
-33.903416, 29.689241
-33.693574, 29.536782
-33.434197, 29.536782
-33.224356, 29.689241
-33.144203, 29.935924
1
10
-42.556452, -29.433109
-43.025386, -29.092409
-43.605020, -29.092409
-44.073953, -29.433109
-44.253070, -29.984374
-44.073953, -30.535639
-43.605020, -30.876339
-43.025386, -30.876339
-42.556452, -30.535639
-42.377335, -29.984374
1
10
-19.181585, 2.534868
-19.675076, 2.893411
-20.285064, 2.893411
-20.778555, 2.534868
-20.967052, 1.954735
-20.778555, 1.374602
-20.285064, 1.016059
-19.675076, 1.016059
-19.181585, 1.374602
-18.993088, 1.954735
1
10
2.447618, 7.003856
2.238983, 7.155438
1.981096, 7.155438
1.772461, 7.003856
1.692769, 6.758590
1.772461, 6.513325
1.981096, 6.361743
2.238983, 6.361743
2.447618, 6.513325
2.527310, 6.758590
1
10
-12.456930, 0.931965
-12.752953, 1.147039
-13.118858, 1.147039
-13.414881, 0.931965
-13.527952, 0.583969
-13.414881, 0.235973
-13.118858, 0.020900
-12.752953, 0.020900
-12.456930, 0.235973
-12.343859, 0.583969
1
10
43.312626, 21.803294
42.936018, 22.076916
42.470505, 22.076916
42.093897, 21.803294
41.950045, 21.360565
42.093897, 20.917836
42.470505, 20.644214
42.936018, 20.644214
43.312626, 20.917836
43.456477, 21.360565
1
10
-33.143406, -35.570582
-33.396345, -35.386811
-33.708996, -35.386811
-33.961935, -35.570582
-34.058549, -35.867931
-33.961935, -36.165279
-33.708996, -36.349050
-33.396345, -36.349050
-33.143406, -36.165279
-33.046791, -35.867931
1
10
-48.122640, 4.820629
-48.387146, 5.012804
-48.714093, 5.012804
-48.978599, 4.820629
-49.079631, 4.509684
-48.978599, 4.198738
-48.714093, 4.006564
-48.387146, 4.006564
-48.122640, 4.198738
-48.021607, 4.509684
1
10
44.958471, 24.521942
44.790526, 24.643962
44.582934, 24.643962
44.414988, 24.521942
44.350839, 24.324511
44.414988, 24.127079
44.582934, 24.005059
44.790526, 24.005059
44.958471, 24.127079
45.022621, 24.324511
1
10
-17.053461, 11.606029
-17.358769, 11.827848
-17.736151, 11.827848
-18.041459, 11.606029
-18.158076, 11.247118
-18.041459, 10.888206
-17.736151, 10.666387
-17.358769, 10.666387
-17.053461, 10.888206
-16.936844, 11.247118
1
10
-31.550588, -28.705016
-31.742464, -28.565610
-31.979634, -28.565610
-32.171510, -28.705016
-32.244800, -28.930579
-32.171510, -29.156142
-31.979634, -29.295547
-31.742464, -29.295547
-31.550588, -29.156142
-31.477299, -28.930579
1
10
49.713587, 1.710930
49.213613, 2.074182
48.595612, 2.074182
48.095638, 1.710930
47.904665, 1.123176
48.095638, 0.535421
48.595612, 0.172169
49.213613, 0.172169
49.713587, 0.535421
49.904560, 1.123176
1
10
-26.351557, 50.018954
-26.782326, 50.331926
-27.314785, 50.331926
-27.745553, 50.018954
-27.910092, 49.512555
-27.745553, 49.006156
-27.314785, 48.693185
-26.782326, 48.693185
-26.351557, 49.006156
-26.187018, 49.512555
1
10
-32.636729, 29.746622
-32.902851, 29.939971
-33.231796, 29.939971
-33.497919, 29.746622
-33.599568, 29.433776
-33.497919, 29.120931
-33.231796, 28.927581
-32.902851, 28.927581
-32.636729, 29.120931
-32.535079, 29.433776
1
10
1.014040, -30.638587
0.637393, -30.364937
0.171832, -30.364937
-0.204815, -30.638587
-0.348681, -31.081362
-0.204815, -31.524137
0.171832, -31.797787
0.637393, -31.797787
1.014040, -31.524137
1.157906, -31.081362
1
10
27.868629, -35.814064
27.731670, -35.714558
27.562379, -35.714558
27.425420, -35.814064
27.373106, -35.975069
27.425420, -36.136074
27.562379, -36.235581
27.731670, -36.235581
27.868629, -36.136074
27.920942, -35.975069
1
10
7.213924, 19.974611
6.807339, 20.270012
6.304773, 20.270012
5.898188, 19.974611
5.742886, 19.496642
5.898188, 19.018673
6.304773, 18.723272
6.807339, 18.723272
7.213924, 19.018673
7.369225, 19.496642
1
10
19.102116, 0.136956
18.811806, 0.347879
18.452964, 0.347879
18.162654, 0.136956
18.051766, -0.204323
18.162654, -0.545602
18.452964, -0.756524
18.811806, -0.756524
19.102116, -0.545602
19.213004, -0.204323
1
10
42.844556, -16.741024
42.517217, -16.503198
42.112605, -16.503198
41.785266, -16.741024
41.660234, -17.125833
41.785266, -17.510642
42.112605, -17.748468
42.517217, -17.748468
42.844556, -17.510642
42.969588, -17.125833
1
10
7.297115, -14.581214
6.809925, -14.227249
6.207724, -14.227249
5.720534, -14.581214
5.534444, -15.153940
5.720534, -15.726667
6.207724, -16.080632
6.809925, -16.080632
7.297115, -15.726667
7.483205, -15.153940
1
10
0.202184, 38.516284
-0.107228, 38.741085
-0.489683, 38.741085
-0.799095, 38.516284
-0.917280, 38.152548
-0.799095, 37.788812
-0.489683, 37.564010
-0.107228, 37.564010
0.202184, 37.788812
0.320369, 38.152548
1
10
22.102671, -11.541716
21.645250, -11.209381
21.079847, -11.209381
20.622426, -11.541716
20.447707, -12.079447
20.622426, -12.617177
21.079847, -12.949513
21.645250, -12.949513
22.102671, -12.617177
22.277391, -12.079447
1
10
24.797578, 37.054346
24.579317, 37.212922
24.309532, 37.212922
24.091271, 37.054346
24.007903, 36.797765
24.091271, 36.541184
24.309532, 36.382608
24.579317, 36.382608
24.797578, 36.541184
24.880946, 36.797765
1
