0
.01
.02
.03
.04
.05
.060000000000000005
.07
.08
.09
.09999999999999999
.10999999999999999
.11999999999999998
.12999999999999998
.13999999999999999
.15
.16
.17
.18000000000000002
.19000000000000003
.20000000000000004
.21000000000000005
.22000000000000006
.2255537881327614
.2355537881327614
.2455537881327614
.2555537881327614
.2655537881327614
.27555378813276143
.28555378813276144
.29555378813276145
.30555378813276146
.31555378813276147
.3255537881327615
.3355537881327615
.3455537881327615
.3555537881327615
.3655537881327615
.3755537881327615
.38555378813276153
.39555378813276154
.40555378813276155
.41555378813276156
.42555378813276157
.4355537881327616
.4455537881327616
.4555537881327616
.4655537881327616
.4755537881327616
.4855537881327616
.49555378813276163
.5055537881327616
.5155537881327616
.5255537881327617
.5355537881327617
.5455537881327617
.5555537881327617
.5655537881327617
.5755537881327617
.5855537881327617
.5955537881327617
.6055537881327617
.6155537881327617
.6255537881327617
.6355537881327618
.6455537881327618
.6555537881327618
.6655537881327618
.6755537881327618
.6855537881327618
.6955537881327618
.7055537881327618
.7155537881327618
.7255537881327618
.7355537881327618
.7455537881327619
.7555537881327619
.7655537881327619
.7755537881327619
.7855537881327619
.7955537881327619
.8055537881327619
.8155537881327619
.8255537881327619
.8355537881327619
.8455537881327619
.855553788132762
.865553788132762
.875553788132762
.885553788132762
.895553788132762
.905553788132762
.915553788132762
.925553788132762
.935553788132762
.945553788132762
.955553788132762
.965553788132762
.9755537881327621
.9799436695908241
.9899436695908241
.9999436695908241
1.0099436695908242
1.0199436695908242
1.0299436695908242
1.0399436695908242
1.0499436695908242
1.0599436695908242
1.0699436695908242
1.0799436695908242
1.0899436695908242
1.0999436695908242
1.1099436695908242
1.1199436695908243
1.1299436695908243
1.1399436695908243
1.1499436695908243
1.1599436695908243
1.1699436695908243
1.1799436695908243
1.1899436695908243
1.1999436695908243
1.2099436695908243
1.2199436695908243
1.2299436695908244
1.2399436695908244
1.2499436695908244
1.2599436695908244
1.2699436695908244
1.2799436695908244
1.2899436695908244
1.2999436695908244
1.3099436695908244
1.3199436695908244
1.3299436695908244
1.3399436695908244
1.3499436695908245
1.3599436695908245
1.3699436695908245
1.3799436695908245
1.3899436695908245
1.3999436695908245
1.4099436695908245
1.4199436695908245
1.4299436695908245
1.4399436695908245
1.4499436695908245
1.4599436695908246
1.4699436695908246
1.4799436695908246
1.4899436695908246
1.4999436695908246
1.5099436695908246
1.5199436695908246
1.5299436695908246
1.5399436695908246
1.5499436695908246
1.5599436695908246
1.5699436695908247
1.5799436695908247
1.5899436695908247
1.5999436695908247
1.6099436695908247
1.6199436695908247
1.6299436695908247
1.6399436695908247
1.6499436695908247
1.6599436695908247
1.6699436695908247
1.6799436695908248
1.6899436695908248
1.6999436695908248
1.7099436695908248
1.7199436695908248
1.7299436695908248
1.7399436695908248
1.7499436695908248
1.7599436695908248
1.7699436695908248
1.7799436695908248
1.7899436695908248
1.7999436695908249
1.8099436695908249
1.8199436695908249
1.8299436695908249
1.839943669590825
1.849943669590825
1.859943669590825
1.869943669590825
1.879943669590825
1.889943669590825
1.899943669590825
1.909943669590825
1.919943669590825
1.929943669590825
1.939943669590825
1.949943669590825
1.959943669590825
1.969943669590825
1.979943669590825
1.989943669590825
1.999943669590825
2.009943669590825
2.0199436695908246
2.0299436695908244
2.039943669590824
2.049943669590824
2.0599436695908238
2.0699436695908235
2.0799436695908233
2.089943669590823
2.099943669590823
2.1099436695908227
2.1199436695908225
2.1299436695908223
2.139943669590822
2.149943669590822
2.1599436695908216
2.1699436695908214
2.179943669590821
2.189943669590821
2.1999436695908208
2.2099436695908206
2.2199436695908203
2.22994366959082
2.23994366959082
2.2499436695908197
2.2599436695908195
2.2699436695908193
2.279943669590819
2.289943669590819
2.2999436695908186
2.3099436695908184
2.319943669590818
2.329943669590818
2.339943669590818
2.3499436695908176
2.3599436695908174
2.369943669590817
2.379943669590817
2.385765313477503
2.395765313477503
2.4057653134775028
2.4157653134775026
2.4257653134775023
2.435765313477502
2.445765313477502
2.4557653134775017
2.4657653134775015
2.4757653134775013
2.485765313477501
2.495765313477501
2.5057653134775006
2.5157653134775004
2.5257653134775
2.5357653134775
2.5457653134775
2.5557653134774996
2.5657653134774994
2.575765313477499
2.585765313477499
2.5957653134774987
2.6057653134774985
2.6157653134774983
2.625765313477498
2.635765313477498
2.6457653134774977
2.6557653134774974
2.6657653134774972
2.675765313477497
2.685765313477497
2.6957653134774966
2.7057653134774964
2.715765313477496
2.725765313477496
2.7357653134774957
2.7457653134774955
2.7557653134774953
2.765765313477495
2.775765313477495
2.7857653134774947
2.7957653134774945
2.8057653134774942
2.815765313477494
2.825765313477494
2.8357653134774936
2.8457653134774934
2.855765313477493
2.865765313477493
2.8757653134774928
2.8857653134774925
2.8957653134774923
2.905765313477492
2.915765313477492
2.9257653134774917
2.9357653134774915
2.9457653134774913
2.955765313477491
2.965765313477491
2.9757653134774906
2.9857653134774904
2.99576531347749
3.00576531347749
3.0157653134774898
3.0257653134774896
3.0357653134774893
3.045765313477489
3.055765313477489
3.0657653134774887
3.0757653134774885
3.0857653134774883
3.095765313477488
3.105765313477488
3.1157653134774876
3.1257653134774874
3.135765313477487
3.145765313477487
3.155765313477487
3.1657653134774866
3.1757653134774864
3.185765313477486
3.195765313477486
3.2057653134774857
3.2157653134774855
3.2257653134774853
3.235765313477485
3.245765313477485
3.2557653134774847
3.2657653134774844
3.2757653134774842
3.285765313477484
3.295765313477484
3.3057653134774836
3.3157653134774834
3.325765313477483
3.335765313477483
3.3457653134774827
3.3557653134774825
3.3657653134774823
3.375765313477482
3.385765313477482
3.3957653134774817
3.4057653134774815
3.4157653134774812
3.425765313477481
3.435765313477481
3.4457653134774806
3.4557653134774804
3.46576531347748
3.47576531347748
3.4857653134774798
3.4957653134774795
3.5057653134774793
3.515765313477479
3.525765313477479
3.5357653134774787
3.5457653134774785
3.5557653134774783
3.565765313477478
3.575765313477478
3.5857653134774776
3.5957653134774774
3.605765313477477
3.615765313477477
3.6257653134774768
3.6357653134774766
3.6457653134774763
3.655765313477476
3.665765313477476
3.6757653134774757
3.6857653134774755
3.6957653134774753
3.705765313477475
3.715765313477475
3.7257653134774746
3.7357653134774744
3.745765313477474
3.755765313477474
3.765765313477474
3.7757653134774736
3.7857653134774734
3.795765313477473
3.805765313477473
3.8157653134774727
3.8257653134774725
3.8357653134774723
3.845765313477472
3.855765313477472
3.8657653134774717
3.8757653134774714
3.8857653134774712
3.895765313477471
3.905765313477471
3.9157653134774706
3.9257653134774704
3.93576531347747
3.94576531347747
3.9557653134774697
3.9657653134774695
3.9757653134774693
3.985765313477469
3.995765313477469
4.005765313477469
4.015765313477469
4.025765313477469
4.0357653134774685
4.045765313477468
4.055765313477468
4.065765313477468
4.075765313477468
4.085765313477467
4.095765313477467
4.105765313477467
4.115765313477467
4.125765313477467
4.135765313477466
4.145765313477466
4.155765313477466
4.165765313477466
4.1757653134774655
4.185765313477465
4.195765313477465
4.205765313477465
4.215765313477465
4.225765313477464
4.235765313477464
4.245765313477464
4.255765313477464
4.265765313477464
4.275765313477463
4.285765313477463
4.295765313477463
4.305765313477463
4.3157653134774625
4.325765313477462
4.335765313477462
4.345765313477462
4.355765313477462
4.365765313477461
4.375765313477461
4.385765313477461
4.395765313477461
4.405765313477461
4.41576531347746
4.42576531347746
4.43576531347746
4.44576531347746
4.4557653134774595
4.465765313477459
4.475765313477459
4.485765313477459
4.495765313477459
4.5057653134774585
4.515765313477458
4.525765313477458
4.535765313477458
4.545765313477458
4.555765313477457
4.565765313477457
4.575765313477457
4.585765313477457
4.5957653134774565
4.605765313477456
4.615765313477456
4.625765313477456
4.635765313477456
4.6457653134774555
4.655765313477455
4.665765313477455
4.675765313477455
4.685765313477455
4.695765313477454
4.705765313477454
4.715765313477454
4.725765313477454
4.7357653134774536
4.745765313477453
4.755765313477453
4.765765313477453
4.775765313477453
4.7857653134774525
4.795765313477452
4.805765313477452
4.815765313477452
4.825765313477452
4.835765313477451
4.845765313477451
4.855765313477451
4.865765313477451
4.875765313477451
4.88576531347745
4.89576531347745
4.90576531347745
4.91576531347745
4.9257653134774495
4.935765313477449
4.945765313477449
4.955765313477449
4.965765313477449
4.975765313477448
4.985765313477448
4.995765313477448
5.005765313477448
5.015765313477448
5.025765313477447
5.035765313477447
5.045765313477447
5.055765313477447
5.0657653134774465
5.075765313477446
5.085765313477446
5.095765313477446
5.105765313477446
5.1157653134774455
5.125765313477445
5.135765313477445
5.145765313477445
5.155765313477445
5.165765313477444
5.175765313477444
5.185765313477444
5.195765313477444
5.2057653134774435
5.215765313477443
5.225765313477443
5.235765313477443
5.245765313477443
5.2557653134774425
5.265765313477442
5.275765313477442
5.285765313477442
5.295765313477442
5.305765313477441
5.315765313477441
5.325765313477441
5.335765313477441
5.3457653134774406
5.35576531347744
5.36576531347744
5.37576531347744
5.38576531347744
5.3957653134774395
5.405765313477439
5.415765313477439
5.425765313477439
5.435765313477439
5.445765313477438
5.455765313477438
5.465765313477438
5.475765313477438
5.485765313477438
5.495765313477437
5.505765313477437
5.515765313477437
5.525765313477437
5.5357653134774365
5.545765313477436
5.555765313477436
5.565765313477436
5.575765313477436
5.585765313477435
5.595765313477435
5.605765313477435
5.615765313477435
5.625765313477435
5.635765313477434
5.645765313477434
5.655765313477434
5.665765313477434
5.6757653134774335
5.685765313477433
5.695765313477433
5.705765313477433
5.715765313477433
5.7257653134774324
5.735765313477432
5.745765313477432
5.755765313477432
5.765765313477432
5.775765313477431
5.785765313477431
5.795765313477431
5.805765313477431
5.8157653134774305
5.82576531347743
5.83576531347743
5.84576531347743
5.85576531347743
5.8657653134774295
5.875765313477429
5.885765313477429
5.895765313477429
5.905765313477429
5.915765313477428
5.925765313477428
5.935765313477428
5.945765313477428
5.9557653134774275
5.965765313477427
5.975765313477427
5.985765313477427
5.995765313477427
6.0057653134774265
6.015765313477426
6.025765313477426
6.035765313477426
6.045765313477426
6.055765313477425
6.065765313477425
6.075765313477425
6.085765313477425
6.095765313477425
6.105765313477424
6.115765313477424
6.125765313477424
6.135765313477424
6.1457653134774235
6.155765313477423
6.165765313477423
6.175765313477423
6.185765313477423
6.195765313477422
6.205765313477422
6.215765313477422
6.225765313477422
6.235765313477422
6.245765313477421
6.255765313477421
6.265765313477421
6.275765313477421
6.2857653134774205
6.29576531347742
6.30576531347742
6.31576531347742
6.32576531347742
6.3357653134774194
6.345765313477419
6.355765313477419
6.365765313477419
6.375765313477419
6.385765313477418
6.395765313477418
6.405765313477418
6.415765313477418
6.4257653134774175
6.435765313477417
6.445765313477417
6.455765313477417
6.465765313477417
6.4757653134774165
6.485765313477416
6.495765313477416
6.505765313477416
6.515765313477416
6.525765313477415
6.535765313477415
6.545765313477415
6.555765313477415
6.5657653134774145
6.575765313477414
6.585765313477414
6.595765313477414
6.605765313477414
6.6157653134774135
6.625765313477413
6.635765313477413
6.645765313477413
6.655765313477413
6.665765313477412
6.675765313477412
6.685765313477412
6.695765313477412
6.705765313477412
6.715765313477411
6.725765313477411
6.735765313477411
6.745765313477411
6.7557653134774105
6.76576531347741
6.77576531347741
6.78576531347741
6.79576531347741
6.805765313477409
6.815765313477409
6.825765313477409
6.835765313477409
6.845765313477409
6.855765313477408
6.865765313477408
6.875765313477408
6.885765313477408
6.8957653134774075
6.905765313477407
6.915765313477407
6.925765313477407
6.935765313477407
6.945765313477406
6.955765313477406
6.965765313477406
6.975765313477406
6.985765313477406
6.995765313477405
7.005765313477405
7.015765313477405
7.025765313477405
7.0357653134774045
7.045765313477404
7.055765313477404
7.065765313477404
7.075765313477404
7.0857653134774035
7.095765313477403
7.105765313477403
7.115765313477403
7.125765313477403
7.135765313477402
7.145765313477402
7.155765313477402
7.165765313477402
7.1757653134774015
7.185765313477401
7.195765313477401
7.205765313477401
7.215765313477401
7.2257653134774005
7.2357653134774
7.2457653134774
7.2557653134774
7.2657653134774
7.275765313477399
7.285765313477399
7.295765313477399
7.305765313477399
7.315765313477399
7.325765313477398
7.335765313477398
7.345765313477398
7.355765313477398
7.3657653134773975
7.375765313477397
7.385765313477397
7.395765313477397
7.405765313477397
7.415765313477396
7.425765313477396
7.435765313477396
7.445765313477396
7.455765313477396
7.465765313477395
7.475765313477395
7.485765313477395
7.495765313477395
7.5057653134773945
7.515765313477394
7.525765313477394
7.535765313477394
7.545765313477394
7.555765313477393
7.565765313477393
7.575765313477393
7.585765313477393
7.595765313477393
7.605765313477392
7.615765313477392
7.625765313477392
7.635765313477392
7.6457653134773915
7.655765313477391
7.665765313477391
7.675765313477391
7.685765313477391
7.6957653134773905
7.70576531347739
7.71576531347739
7.72576531347739
7.73576531347739
7.745765313477389
7.755765313477389
7.765765313477389
7.775765313477389
7.7857653134773885
7.795765313477388
7.805765313477388
7.815765313477388
7.825765313477388
7.8357653134773875
7.845765313477387
7.855765313477387
7.865765313477387
7.875765313477387
7.885765313477386
7.895765313477386
7.905765313477386
7.915765313477386
7.9257653134773856
7.935765313477385
7.945765313477385
7.955765313477385
7.965765313477385
7.9757653134773845
7.985765313477384
7.995765313477384
8.005765313477385
8.015765313477385
8.025765313477384
8.035765313477384
8.045765313477384
8.055765313477384
8.065765313477383
8.075765313477383
8.085765313477383
8.095765313477383
8.105765313477383
8.115765313477382
8.125765313477382
8.135765313477382
8.145765313477382
8.155765313477382
8.165765313477381
8.175765313477381
8.185765313477381
8.19576531347738
8.20576531347738
8.21576531347738
8.22576531347738
8.23576531347738
8.24576531347738
8.25576531347738
8.26576531347738
8.275765313477379
8.285765313477379
8.295765313477379
8.305765313477378
8.315765313477378
8.325765313477378
8.335765313477378
8.345765313477377
8.355765313477377
8.365765313477377
8.375765313477377
8.385765313477377
8.395765313477376
8.405765313477376
8.415765313477376
8.425765313477376
8.435765313477376
8.445765313477375
8.455765313477375
8.465765313477375
8.475765313477375
8.485765313477375
8.495765313477374
8.505765313477374
8.515765313477374
8.525765313477374
8.535765313477373
8.545765313477373
8.555765313477373
8.565765313477373
8.575765313477373
8.585765313477372
8.595765313477372
8.605765313477372
8.615765313477372
8.625765313477372
8.635765313477371
8.645765313477371
8.65576531347737
8.66576531347737
8.67576531347737
8.68576531347737
8.69576531347737
8.70576531347737
8.71576531347737
8.72576531347737
8.730354296579062
8.740354296579062
8.750354296579061
8.760354296579061
8.770354296579061
8.78035429657906
8.79035429657906
8.80035429657906
8.81035429657906
8.82035429657906
8.83035429657906
8.84035429657906
8.85035429657906
8.86035429657906
8.870354296579059
8.880354296579059
8.890354296579059
8.900354296579058
8.910354296579058
8.920354296579058
8.930354296579058
8.940354296579057
8.950354296579057
8.960354296579057
8.970354296579057
8.980354296579057
8.990354296579056
9.000354296579056
9.010354296579056
9.020354296579056
9.030354296579056
9.040354296579055
9.050354296579055
9.060354296579055
9.070354296579055
9.078987662425623
9.088987662425623
9.098987662425623
9.108987662425623
9.118987662425623
9.128987662425622
9.138987662425622
9.148987662425622
9.158987662425622
9.168987662425621
9.178987662425621
9.188987662425621
9.19898766242562
9.20898766242562
9.21898766242562
9.22898766242562
9.23898766242562
9.24898766242562
9.25898766242562
9.26898766242562
9.27898766242562
9.288987662425619
9.298987662425619
9.308987662425618
9.318987662425618
9.328987662425618
9.338987662425618
9.348987662425618
9.358987662425617
9.368987662425617
9.378987662425617
9.388987662425617
9.398987662425617
9.408987662425616
9.418987662425616
9.428987662425616
9.438987662425616
9.448987662425615
9.458987662425615
9.468987662425615
9.478987662425615
9.488987662425615
9.498987662425614
9.508987662425614
9.518987662425614
9.528987662425614
9.538987662425614
9.548987662425613
9.558987662425613
9.568987662425613
9.578987662425613
9.588987662425613
9.598987662425612
9.608987662425612
9.618987662425612
9.628987662425612
9.638987662425611
9.648987662425611
9.658987662425611
9.66898766242561
9.67898766242561
9.68898766242561
9.69898766242561
9.70898766242561
9.71898766242561
9.72898766242561
9.73898766242561
9.748987662425609
9.758987662425609
9.768987662425609
9.778987662425608
9.788987662425608
9.798987662425608
9.808987662425608
9.818987662425608
9.828987662425607
9.838987662425607
9.848987662425607
9.858987662425607
9.868987662425607
9.878987662425606
9.888987662425606
9.898987662425606
9.908987662425606
9.918987662425605
9.928987662425605
9.938428949017336
9.948428949017336
9.958428949017335
9.968428949017335
9.978428949017335
9.988428949017335
9.998428949017335
NaN
NaN
NaN
NaN
10
