.14352950978627876,.9942593962683071,.8008100056501237
.13555130486134787,.9890531727314873,.7913363722756731
.12757309993641697,.9838469491946675,.7818627389012225
.11959489501148607,.9786407256578478,.7723891055267719
.11161669008655517,.973434502121028,.7629154721523213
.10363848516162427,.9682282785842082,.7534418387778706
.09566028023669337,.9630220550473885,.74396820540342
.08768207531176248,.9578158315105687,.7344945720289694
.07970387038683158,.9526096079737489,.7250209386545188
.07172566546190068,.9474033844369292,.7155473052800682
.06374746053696978,.9421971609001094,.7060736719056175
.055769255612038875,.9369909373632896,.6966000385311669
.04779105068710797,.9317847138264699,.6871264051567163
.039812845762177064,.9265784902896501,.6776527717822657
.03183464083724616,.9213722667528303,.6681791384078151
.023856435912315253,.9161660432160106,.6587055050333644
.015878230987384348,.9109598196791908,.6492318716589138
.007900026062453444,.905753596142371,.6397582382844632
-7817886247745917e-20,.9005473726055513,.6302846049100126
-.008056383787408363,.8953411490687315,.620810971535562
-.016034588712339266,.8901349255319118,.6113373381611114
-.02401279363727017,.884928701995092,.6018637047866607
-.03199099856220108,.8797224784582722,.5923900714122101
-.0364219245454831,.876831052208743,.5871286161512944
-.0364219245454831,.8716248286719233,.5776549827768438
-.0364219245454831,.8664186051351035,.5681813494023932
-.0364219245454831,.8612123815982837,.5587077160279426
-.0364219245454831,.856006158061464,.5492340826534919
-.0364219245454831,.8507999345246442,.5397604492790413
-.0364219245454831,.8455937109878244,.5302868159045907
-.0364219245454831,.8403874874510047,.5208131825301401
-.0364219245454831,.8351812639141849,.5113395491556895
-.0364219245454831,.8299750403773651,.5018659157812388
-.0364219245454831,.8247688168405454,.49239228240678823
-.0364219245454831,.8195625933037256,.4829186490323376
-.0364219245454831,.8143563697669058,.473445015657887
-.0364219245454831,.8091501462300861,.4639713822834364
-.0364219245454831,.8039439226932663,.45449774890898575
-.0364219245454831,.7987376991564465,.44502411553453514
-.0364219245454831,.7935314756196268,.4355504821600845
-.0364219245454831,.788325252082807,.4260768487856339
-.0364219245454831,.7831190285459873,.4166032154111833
-.0364219245454831,.7779128050091675,.40712958203673266
-.0364219245454831,.7727065814723477,.39765594866228204
-.0364219245454831,.767500357935528,.3881823152878314
-.0364219245454831,.7622941343987082,.3787086819133808
-.0364219245454831,.7570879108618884,.3692350485389302
-.0364219245454831,.7518816873250687,.35976141516447957
-.0364219245454831,.7466754637882489,.35028778179002895
-.0364219245454831,.7414692402514291,.34081414841557833
-.0364219245454831,.7362630167146094,.3313405150411277
-.0364219245454831,.7310567931777896,.3218668816666771
-.0364219245454831,.7258505696409698,.3123932482922265
-.0364219245454831,.7206443461041501,.30291961491777586
-.0364219245454831,.7154381225673303,.29344598154332524
-.0364219245454831,.7102318990305105,.2839723481688746
-.0364219245454831,.7050256754936908,.274498714794424
-.0364219245454831,.699819451956871,.2650250814199734
-.0364219245454831,.6946132284200512,.25555144804552277
-.0364219245454831,.6894070048832315,.24607781467107215
-.0364219245454831,.6842007813464117,.23660418129662153
-.0364219245454831,.678994557809592,.2271305479221709
-.0364219245454831,.6737883342727722,.2176569145477203
-.0364219245454831,.6685821107359524,.20818328117326967
-.0364219245454831,.6633758871991327,.19870964779881906
-.0364219245454831,.6581696636623129,.18923601442436844
-.0364219245454831,.6529634401254931,.17976238104991782
-.0364219245454831,.6477572165886734,.1702887476754672
-.0364219245454831,.6425509930518536,.16081511430101658
-.0364219245454831,.6373447695150338,.15134148092656596
-.0364219245454831,.6321385459782141,.14186784755211534
-.0364219245454831,.6269323224413943,.13239421417766473
-.0364219245454831,.6217260989045745,.12292058080321411
-.0364219245454831,.6165198753677548,.11344694742876349
-.0364219245454831,.611313651830935,.10397331405431287
-.0364219245454831,.6061074282941152,.09449968067986225
-.0364219245454831,.6009012047572955,.08502604730541163
-.0364219245454831,.5956949812204757,.07555241393096102
-.0364219245454831,.5904887576836559,.0660787805565104
-.0364219245454831,.5852825341468362,.05660514718205978
-.0364219245454831,.5800763106100164,.04713151380760916
-.0364219245454831,.5748700870731966,.03765788043315854
-.0364219245454831,.5696638635363769,.02818424705870792
-.0364219245454831,.5644576399995571,.018710613684257298
-.0364219245454831,.5592514164627373,.009236980309806676
-.0364219245454831,.5540451929259176,-.0002366530646439463
-.0364219245454831,.5488389693890978,-.009710286439094568
-.0364219245454831,.543632745852278,-.01918391981354519
-.0364219245454831,.5384265223154583,-.028657553187995812
-.0364219245454831,.5332202987786385,-.038131186562446434
-.0364219245454831,.5280140752418188,-.04760481993689705
-.0364219245454831,.522807851704999,-.05707845331134767
-.0364219245454831,.5176016281681792,-.06655208668579829
-.0364219245454831,.5123954046313595,-.07602572006024891
-.0364219245454831,.5071891810945397,-.08549935343469953
-.0364219245454831,.5019829575577199,-.09497298680915015
-.0364219245454831,.49677673402090017,-.10444662018360076
-.0364219245454831,.4915705104840804,-.11392025355805138
-.0364219245454831,.48636428694726064,-.123393886932502
-.0364219245454831,.4840788165301795,-.12755269968160077
-.0364219245454831,.4788725929933597,-.12755269968160077
-.0364219245454831,.47366636945653995,-.12755269968160077
-.0364219245454831,.4684601459197202,-.12755269968160077
-.0364219245454831,.4632539223829004,-.12755269968160077
-.0364219245454831,.45804769884608065,-.12755269968160077
-.0364219245454831,.4528414753092609,-.12755269968160077
-.0364219245454831,.4476352517724411,-.12755269968160077
-.0364219245454831,.44242902823562136,-.12755269968160077
-.0364219245454831,.4372228046988016,-.12755269968160077
-.0364219245454831,.4320165811619818,-.12755269968160077
-.0364219245454831,.42681035762516206,-.12755269968160077
-.0364219245454831,.4216041340883423,-.12755269968160077
-.0364219245454831,.41639791055152253,-.12755269968160077
-.0364219245454831,.41119168701470277,-.12755269968160077
-.0364219245454831,.405985463477883,-.12755269968160077
-.0364219245454831,.40077923994106324,-.12755269968160077
-.0364219245454831,.39557301640424347,-.12755269968160077
-.0364219245454831,.3903667928674237,-.12755269968160077
-.0364219245454831,.38516056933060394,-.12755269968160077
-.0364219245454831,.3799543457937842,-.12755269968160077
-.0364219245454831,.3747481222569644,-.12755269968160077
-.0364219245454831,.36954189872014465,-.12755269968160077
-.0364219245454831,.3643356751833249,-.12755269968160077
-.0364219245454831,.3591294516465051,-.12755269968160077
-.0364219245454831,.35392322810968535,-.12755269968160077
-.0364219245454831,.3487170045728656,-.12755269968160077
-.0364219245454831,.3435107810360458,-.12755269968160077
-.0364219245454831,.33830455749922606,-.12755269968160077
-.0364219245454831,.3330983339624063,-.12755269968160077
-.0364219245454831,.3278921104255865,-.12755269968160077
-.0364219245454831,.32268588688876676,-.12755269968160077
-.0364219245454831,.317479663351947,-.12755269968160077
-.0364219245454831,.31227343981512723,-.12755269968160077
-.0364219245454831,.30706721627830746,-.12755269968160077
-.0364219245454831,.3018609927414877,-.12755269968160077
-.0364219245454831,.29665476920466793,-.12755269968160077
-.0364219245454831,.29144854566784817,-.12755269968160077
-.0364219245454831,.2862423221310284,-.12755269968160077
-.0364219245454831,.28103609859420864,-.12755269968160077
-.0364219245454831,.2758298750573889,-.12755269968160077
-.0364219245454831,.2706236515205691,-.12755269968160077
-.0364219245454831,.26541742798374934,-.12755269968160077
-.0364219245454831,.2602112044469296,-.12755269968160077
-.0364219245454831,.2550049809101098,-.12755269968160077
-.0364219245454831,.24979875737329005,-.12755269968160077
-.0364219245454831,.24459253383647028,-.12755269968160077
-.0364219245454831,.23938631029965052,-.12755269968160077
-.0364219245454831,.23418008676283075,-.12755269968160077
-.0364219245454831,.228973863226011,-.12755269968160077
-.0364219245454831,.22376763968919122,-.12755269968160077
-.0364219245454831,.21856141615237146,-.12755269968160077
-.0364219245454831,.2133551926155517,-.12755269968160077
-.0364219245454831,.20814896907873193,-.12755269968160077
-.0364219245454831,.20294274554191216,-.12755269968160077
-.0364219245454831,.1977365220050924,-.12755269968160077
-.0364219245454831,.19253029846827263,-.12755269968160077
-.0364219245454831,.18732407493145287,-.12755269968160077
-.0364219245454831,.1821178513946331,-.12755269968160077
-.0364219245454831,.17691162785781334,-.12755269968160077
-.0364219245454831,.17170540432099357,-.12755269968160077
-.0364219245454831,.1664991807841738,-.12755269968160077
-.0364219245454831,.16129295724735404,-.12755269968160077
-.0364219245454831,.15608673371053428,-.12755269968160077
-.0364219245454831,.1508805101737145,-.12755269968160077
-.0364219245454831,.14567428663689475,-.12755269968160077
-.0364219245454831,.14046806310007498,-.12755269968160077
-.0364219245454831,.13526183956325522,-.12755269968160077
-.0364219245454831,.13005561602643545,-.12755269968160077
-.0364219245454831,.12484939248961568,-.12755269968160077
-.0364219245454831,.11964316895279592,-.12755269968160077
-.0364219245454831,.11443694541597615,-.12755269968160077
-.0364219245454831,.10923072187915639,-.12755269968160077
-.0364219245454831,.10402449834233662,-.12755269968160077
-.0364219245454831,.09881827480551686,-.12755269968160077
-.0364219245454831,.0936120512686971,-.12755269968160077
-.0364219245454831,.08840582773187733,-.12755269968160077
-.0364219245454831,.08319960419505756,-.12755269968160077
-.0364219245454831,.0779933806582378,-.12755269968160077
-.0364219245454831,.07278715712141803,-.12755269968160077
-.0364219245454831,.06758093358459827,-.12755269968160077
-.0364219245454831,.06237471004777851,-.12755269968160077
-.0364219245454831,.05716848651095875,-.12755269968160077
-.0364219245454831,.051962262974138994,-.12755269968160077
-.0364219245454831,.046756039437319236,-.12755269968160077
-.0364219245454831,.04154981590049948,-.12755269968160077
-.0364219245454831,.03634359236367972,-.12755269968160077
-.0364219245454831,.031137368826859958,-.12755269968160077
-.0364219245454831,.025931145290040196,-.12755269968160077
-.0364219245454831,.020724921753220434,-.12755269968160077
-.0364219245454831,.015518698216400673,-.12755269968160077
-.0364219245454831,.010312474679580911,-.12755269968160077
-.0364219245454831,.00510625114276115,-.12755269968160077
-.0364219245454831,-9997239405861065e-20,-.12755269968160077
-.0364219245454831,-.0053061959308783714,-.12755269968160077
-.0364219245454831,-.010512419467698132,-.12755269968160077
-.0364219245454831,-.015718643004517894,-.12755269968160077
-.0364219245454831,-.020924866541337656,-.12755269968160077
-.0364219245454831,-.026131090078157417,-.12755269968160077
-.0364219245454831,-.03133731361497718,-.12755269968160077
-.0364219245454831,-.03654353715179694,-.12755269968160077
-.0364219245454831,-.041749760688616695,-.12755269968160077
-.0364219245454831,-.04695598422543645,-.12755269968160077
-.0364219245454831,-.05216220776225621,-.12755269968160077
-.0364219245454831,-.05736843129907597,-.12755269968160077
-.0364219245454831,-.06257465483589573,-.12755269968160077
-.0364219245454831,-.0677808783727155,-.12755269968160077
-.0364219245454831,-.07298710190953527,-.12755269968160077
-.0364219245454831,-.07819332544635503,-.12755269968160077
-.0364219245454831,-.0833995489831748,-.12755269968160077
-.0364219245454831,-.08860577251999456,-.12755269968160077
-.0364219245454831,-.09381199605681433,-.12755269968160077
-.0364219245454831,-.09901821959363409,-.12755269968160077
-.0364219245454831,-.10422444313045386,-.12755269968160077
-.0364219245454831,-.10943066666727362,-.12755269968160077
-.0364219245454831,-.11463689020409339,-.12755269968160077
-.0364219245454831,-.11984311374091315,-.12755269968160077
-.0364219245454831,-.1250493372777329,-.12755269968160077
-.0364219245454831,-.13025556081455267,-.12755269968160077
-.0364219245454831,-.13546178435137243,-.12755269968160077
-.0364219245454831,-.1406680078881922,-.12755269968160077
-.0364219245454831,-.14587423142501196,-.12755269968160077
-.0364219245454831,-.15108045496183173,-.12755269968160077
-.0364219245454831,-.1562866784986515,-.12755269968160077
-.0364219245454831,-.16149290203547126,-.12755269968160077
-.0364219245454831,-.16669912557229102,-.12755269968160077
-.0364219245454831,-.1719053491091108,-.12755269968160077
-.0364219245454831,-.17711157264593055,-.12755269968160077
-.0364219245454831,-.18231779618275032,-.12755269968160077
-.0364219245454831,-.18752401971957008,-.12755269968160077
-.0364219245454831,-.19273024325638985,-.12755269968160077
-.0364219245454831,-.19793646679320961,-.12755269968160077
-.0364219245454831,-.20314269033002938,-.12755269968160077
-.0364219245454831,-.20834891386684914,-.12755269968160077
-.0364219245454831,-.2135551374036689,-.12755269968160077
-.0364219245454831,-.21876136094048867,-.12755269968160077
-.0364219245454831,-.22396758447730844,-.12755269968160077
-.0364219245454831,-.2291738080141282,-.12755269968160077
-.0364219245454831,-.23438003155094797,-.12755269968160077
-.0364219245454831,-.23958625508776774,-.12755269968160077
-.0364219245454831,-.2447924786245875,-.12755269968160077
-.0364219245454831,-.24782335656716814,-.12755269968160077
-.0364219245454831,-.24782335656716814,-.12755269968160077
-.0364219245454831,-.24782335656716814,-.12755269968160077
-.0364219245454831,-.24782335656716814,-.12755269968160077
-.0364219245454831,-.24782335656716814,-.12755269968160077
-.0364219245454831,-.24782335656716814,-.12755269968160077
-.0364219245454831,-.24782335656716814,-.12755269968160077
-.0364219245454831,-.24782335656716814,-.12755269968160077
-.0364219245454831,-.24782335656716814,-.12755269968160077
-.0364219245454831,-.24782335656716814,-.12755269968160077
-.0364219245454831,-.24782335656716814,-.12755269968160077
-.0364219245454831,-.24782335656716814,-.12755269968160077
-.0364219245454831,-.24782335656716814,-.12755269968160077
-.0364219245454831,-.24782335656716814,-.12755269968160077
-.0364219245454831,-.24782335656716814,-.12755269968160077
-.0364219245454831,-.24782335656716814,-.12755269968160077
-.0364219245454831,-.24782335656716814,-.12755269968160077
-.0364219245454831,-.24782335656716814,-.12755269968160077
-.0364219245454831,-.24782335656716814,-.12755269968160077
-.0364219245454831,-.24782335656716814,-.12755269968160077
-.0364219245454831,-.24782335656716814,-.12755269968160077
-.0364219245454831,-.24782335656716814,-.12755269968160077
-.0364219245454831,-.24782335656716814,-.12755269968160077
-.0364219245454831,-.24782335656716814,-.12755269968160077
-.0364219245454831,-.24782335656716814,-.12755269968160077
-.0364219245454831,-.24782335656716814,-.12755269968160077
-.0364219245454831,-.24782335656716814,-.12755269968160077
-.0364219245454831,-.24782335656716814,-.12755269968160077
-.0364219245454831,-.24782335656716814,-.12755269968160077
-.0364219245454831,-.24782335656716814,-.12755269968160077
-.0364219245454831,-.24782335656716814,-.12755269968160077
-.0364219245454831,-.24782335656716814,-.12755269968160077
-.0364219245454831,-.24782335656716814,-.12755269968160077
-.0364219245454831,-.24782335656716814,-.12755269968160077
-.0364219245454831,-.24782335656716814,-.12755269968160077
-.0364219245454831,-.24782335656716814,-.12755269968160077
-.0364219245454831,-.24782335656716814,-.12755269968160077
-.0364219245454831,-.24782335656716814,-.12755269968160077
-.0364219245454831,-.24782335656716814,-.12755269968160077
-.0364219245454831,-.24782335656716814,-.12755269968160077
-.0364219245454831,-.24782335656716814,-.12755269968160077
-.0364219245454831,-.24782335656716814,-.12755269968160077
-.0364219245454831,-.24782335656716814,-.12755269968160077
-.0364219245454831,-.24782335656716814,-.12755269968160077
-.0364219245454831,-.24782335656716814,-.12755269968160077
-.0364219245454831,-.24782335656716814,-.12755269968160077
-.0364219245454831,-.24782335656716814,-.12755269968160077
-.0364219245454831,-.24782335656716814,-.12755269968160077
-.0364219245454831,-.24782335656716814,-.12755269968160077
-.0364219245454831,-.24782335656716814,-.12755269968160077
-.0364219245454831,-.24782335656716814,-.12755269968160077
-.0364219245454831,-.24782335656716814,-.12755269968160077
-.0364219245454831,-.24782335656716814,-.12755269968160077
-.0364219245454831,-.24782335656716814,-.12755269968160077
-.0364219245454831,-.24782335656716814,-.12755269968160077
-.0364219245454831,-.24782335656716814,-.12755269968160077
-.0364219245454831,-.24782335656716814,-.12755269968160077
-.0364219245454831,-.24782335656716814,-.12755269968160077
-.0364219245454831,-.24782335656716814,-.12755269968160077
-.0364219245454831,-.24782335656716814,-.12755269968160077
-.0364219245454831,-.24782335656716814,-.12755269968160077
-.0364219245454831,-.24782335656716814,-.12755269968160077
-.0364219245454831,-.24782335656716814,-.12755269968160077
-.0364219245454831,-.24782335656716814,-.12755269968160077
-.0364219245454831,-.24782335656716814,-.12755269968160077
-.0364219245454831,-.24782335656716814,-.12755269968160077
-.0364219245454831,-.24782335656716814,-.12755269968160077
-.0364219245454831,-.24782335656716814,-.12755269968160077
-.0364219245454831,-.24782335656716814,-.12755269968160077
-.0364219245454831,-.24782335656716814,-.12755269968160077
-.0364219245454831,-.24782335656716814,-.12755269968160077
-.0364219245454831,-.24782335656716814,-.12755269968160077
-.0364219245454831,-.24782335656716814,-.12755269968160077
-.0364219245454831,-.24782335656716814,-.12755269968160077
-.0364219245454831,-.24782335656716814,-.12755269968160077
-.0364219245454831,-.24782335656716814,-.12755269968160077
-.0364219245454831,-.24782335656716814,-.12755269968160077
-.0364219245454831,-.24782335656716814,-.12755269968160077
-.0364219245454831,-.24782335656716814,-.12755269968160077
-.0364219245454831,-.24782335656716814,-.12755269968160077
-.0364219245454831,-.24782335656716814,-.12755269968160077
-.0364219245454831,-.24782335656716814,-.12755269968160077
-.0364219245454831,-.24782335656716814,-.12755269968160077
-.0364219245454831,-.24782335656716814,-.12755269968160077
-.0364219245454831,-.24782335656716814,-.12755269968160077
-.0364219245454831,-.24782335656716814,-.12755269968160077
-.0364219245454831,-.24782335656716814,-.12755269968160077
-.0364219245454831,-.24782335656716814,-.12755269968160077
-.0364219245454831,-.24782335656716814,-.12755269968160077
-.0364219245454831,-.24782335656716814,-.12755269968160077
-.0364219245454831,-.24782335656716814,-.12755269968160077
-.0364219245454831,-.24782335656716814,-.12755269968160077
-.0364219245454831,-.24782335656716814,-.12755269968160077
-.0364219245454831,-.24782335656716814,-.12755269968160077
-.0364219245454831,-.24782335656716814,-.12755269968160077
-.0364219245454831,-.24782335656716814,-.12755269968160077
-.0364219245454831,-.24782335656716814,-.12755269968160077
-.0364219245454831,-.24782335656716814,-.12755269968160077
-.0364219245454831,-.24782335656716814,-.12755269968160077
-.0364219245454831,-.24782335656716814,-.12755269968160077
-.0364219245454831,-.24782335656716814,-.12755269968160077
-.0364219245454831,-.24782335656716814,-.12755269968160077
-.0364219245454831,-.24782335656716814,-.12755269968160077
-.0364219245454831,-.24782335656716814,-.12755269968160077
-.0364219245454831,-.24782335656716814,-.12755269968160077
-.0364219245454831,-.24782335656716814,-.12755269968160077
-.0364219245454831,-.24782335656716814,-.12755269968160077
-.0364219245454831,-.24782335656716814,-.12755269968160077
-.0364219245454831,-.24782335656716814,-.12755269968160077
-.0364219245454831,-.24782335656716814,-.12755269968160077
-.0364219245454831,-.24782335656716814,-.12755269968160077
-.0364219245454831,-.24782335656716814,-.12755269968160077
-.0364219245454831,-.24782335656716814,-.12755269968160077
-.0364219245454831,-.24782335656716814,-.12755269968160077
-.0364219245454831,-.24782335656716814,-.12755269968160077
-.0364219245454831,-.24782335656716814,-.12755269968160077
-.0364219245454831,-.24782335656716814,-.12755269968160077
-.0364219245454831,-.24782335656716814,-.12755269968160077
-.0364219245454831,-.24782335656716814,-.12755269968160077
-.0364219245454831,-.24782335656716814,-.12755269968160077
-.0364219245454831,-.24782335656716814,-.12755269968160077
-.0364219245454831,-.24782335656716814,-.12755269968160077
-.0364219245454831,-.24782335656716814,-.12755269968160077
-.0364219245454831,-.24782335656716814,-.12755269968160077
-.0364219245454831,-.24782335656716814,-.12755269968160077
-.0364219245454831,-.24782335656716814,-.12755269968160077
-.0364219245454831,-.24782335656716814,-.12755269968160077
-.0364219245454831,-.24782335656716814,-.12755269968160077
-.0364219245454831,-.24782335656716814,-.12755269968160077
-.0364219245454831,-.24782335656716814,-.12755269968160077
-.0364219245454831,-.24782335656716814,-.12755269968160077
-.0364219245454831,-.24782335656716814,-.12755269968160077
-.0364219245454831,-.24782335656716814,-.12755269968160077
-.0364219245454831,-.24782335656716814,-.12755269968160077
-.0364219245454831,-.24782335656716814,-.12755269968160077
-.0364219245454831,-.24782335656716814,-.12755269968160077
-.0364219245454831,-.24782335656716814,-.12755269968160077
-.0364219245454831,-.24782335656716814,-.12755269968160077
-.0364219245454831,-.24782335656716814,-.12755269968160077
-.0364219245454831,-.24782335656716814,-.12755269968160077
-.0364219245454831,-.24782335656716814,-.12755269968160077
-.0364219245454831,-.24782335656716814,-.12755269968160077
-.0364219245454831,-.24782335656716814,-.12755269968160077
-.0364219245454831,-.24782335656716814,-.12755269968160077
-.0364219245454831,-.24782335656716814,-.12755269968160077
-.0364219245454831,-.24782335656716814,-.12755269968160077
-.0364219245454831,-.24782335656716814,-.12755269968160077
-.0364219245454831,-.24782335656716814,-.12755269968160077
-.0364219245454831,-.24782335656716814,-.12755269968160077
-.0364219245454831,-.24782335656716814,-.12755269968160077
-.0364219245454831,-.24782335656716814,-.12755269968160077
-.0364219245454831,-.24782335656716814,-.12755269968160077
-.0364219245454831,-.24782335656716814,-.12755269968160077
-.0364219245454831,-.24782335656716814,-.12755269968160077
-.0364219245454831,-.24782335656716814,-.12755269968160077
-.0364219245454831,-.24782335656716814,-.12755269968160077
-.0364219245454831,-.24782335656716814,-.12755269968160077
-.0364219245454831,-.24782335656716814,-.12755269968160077
-.0364219245454831,-.24782335656716814,-.12755269968160077
-.0364219245454831,-.24782335656716814,-.12755269968160077
-.0364219245454831,-.24782335656716814,-.12755269968160077
-.0364219245454831,-.24782335656716814,-.12755269968160077
-.0364219245454831,-.24782335656716814,-.12755269968160077
-.0364219245454831,-.24782335656716814,-.12755269968160077
-.0364219245454831,-.24782335656716814,-.12755269968160077
-.0364219245454831,-.24782335656716814,-.12755269968160077
-.0364219245454831,-.24782335656716814,-.12755269968160077
-.0364219245454831,-.24782335656716814,-.12755269968160077
-.0364219245454831,-.24782335656716814,-.12755269968160077
-.0364219245454831,-.24782335656716814,-.12755269968160077
-.0364219245454831,-.24782335656716814,-.12755269968160077
-.0364219245454831,-.24782335656716814,-.12755269968160077
-.0364219245454831,-.24782335656716814,-.12755269968160077
-.0364219245454831,-.24782335656716814,-.12755269968160077
-.0364219245454831,-.24782335656716814,-.12755269968160077
-.0364219245454831,-.24782335656716814,-.12755269968160077
-.0364219245454831,-.24782335656716814,-.12755269968160077
-.0364219245454831,-.24782335656716814,-.12755269968160077
-.0364219245454831,-.24782335656716814,-.12755269968160077
-.0364219245454831,-.24782335656716814,-.12755269968160077
-.0364219245454831,-.24782335656716814,-.12755269968160077
-.0364219245454831,-.24782335656716814,-.12755269968160077
-.0364219245454831,-.24782335656716814,-.12755269968160077
-.0364219245454831,-.24782335656716814,-.12755269968160077
-.0364219245454831,-.24782335656716814,-.12755269968160077
-.0364219245454831,-.24782335656716814,-.12755269968160077
-.0364219245454831,-.24782335656716814,-.12755269968160077
-.0364219245454831,-.24782335656716814,-.12755269968160077
-.0364219245454831,-.24782335656716814,-.12755269968160077
-.0364219245454831,-.24782335656716814,-.12755269968160077
-.0364219245454831,-.24782335656716814,-.12755269968160077
-.0364219245454831,-.24782335656716814,-.12755269968160077
-.0364219245454831,-.24782335656716814,-.12755269968160077
-.0364219245454831,-.24782335656716814,-.12755269968160077
-.0364219245454831,-.24782335656716814,-.12755269968160077
-.0364219245454831,-.24782335656716814,-.12755269968160077
-.0364219245454831,-.24782335656716814,-.12755269968160077
-.0364219245454831,-.24782335656716814,-.12755269968160077
-.0364219245454831,-.24782335656716814,-.12755269968160077
-.0364219245454831,-.24782335656716814,-.12755269968160077
-.0364219245454831,-.24782335656716814,-.12755269968160077
-.0364219245454831,-.24782335656716814,-.12755269968160077
-.0364219245454831,-.24782335656716814,-.12755269968160077
-.0364219245454831,-.24782335656716814,-.12755269968160077
-.0364219245454831,-.24782335656716814,-.12755269968160077
-.0364219245454831,-.24782335656716814,-.12755269968160077
-.0364219245454831,-.24782335656716814,-.12755269968160077
-.0364219245454831,-.24782335656716814,-.12755269968160077
-.0364219245454831,-.24782335656716814,-.12755269968160077
-.0364219245454831,-.24782335656716814,-.12755269968160077
-.0364219245454831,-.24782335656716814,-.12755269968160077
-.0364219245454831,-.24782335656716814,-.12755269968160077
-.0364219245454831,-.24782335656716814,-.12755269968160077
-.0364219245454831,-.24782335656716814,-.12755269968160077
-.0364219245454831,-.24782335656716814,-.12755269968160077
-.0364219245454831,-.24782335656716814,-.12755269968160077
-.0364219245454831,-.24782335656716814,-.12755269968160077
-.0364219245454831,-.24782335656716814,-.12755269968160077
-.0364219245454831,-.24782335656716814,-.12755269968160077
-.0364219245454831,-.24782335656716814,-.12755269968160077
-.0364219245454831,-.24782335656716814,-.12755269968160077
-.0364219245454831,-.24782335656716814,-.12755269968160077
-.0364219245454831,-.24782335656716814,-.12755269968160077
-.0364219245454831,-.24782335656716814,-.12755269968160077
-.0364219245454831,-.24782335656716814,-.12755269968160077
-.0364219245454831,-.24782335656716814,-.12755269968160077
-.0364219245454831,-.24782335656716814,-.12755269968160077
-.0364219245454831,-.24782335656716814,-.12755269968160077
-.0364219245454831,-.24782335656716814,-.12755269968160077
-.0364219245454831,-.24782335656716814,-.12755269968160077
-.0364219245454831,-.24782335656716814,-.12755269968160077
-.0364219245454831,-.24782335656716814,-.12755269968160077
-.0364219245454831,-.24782335656716814,-.12755269968160077
-.0364219245454831,-.24782335656716814,-.12755269968160077
-.0364219245454831,-.24782335656716814,-.12755269968160077
-.0364219245454831,-.24782335656716814,-.12755269968160077
-.0364219245454831,-.24782335656716814,-.12755269968160077
-.0364219245454831,-.24782335656716814,-.12755269968160077
-.0364219245454831,-.24782335656716814,-.12755269968160077
-.0364219245454831,-.24782335656716814,-.12755269968160077
-.0364219245454831,-.24782335656716814,-.12755269968160077
-.0364219245454831,-.24782335656716814,-.12755269968160077
-.0364219245454831,-.24782335656716814,-.12755269968160077
-.0364219245454831,-.24782335656716814,-.12755269968160077
-.0364219245454831,-.24782335656716814,-.12755269968160077
-.0364219245454831,-.24782335656716814,-.12755269968160077
-.0364219245454831,-.24782335656716814,-.12755269968160077
-.0364219245454831,-.24782335656716814,-.12755269968160077
-.0364219245454831,-.24782335656716814,-.12755269968160077
-.0364219245454831,-.24782335656716814,-.12755269968160077
-.0364219245454831,-.24782335656716814,-.12755269968160077
-.0364219245454831,-.24782335656716814,-.12755269968160077
-.0364219245454831,-.24782335656716814,-.12755269968160077
-.0364219245454831,-.24782335656716814,-.12755269968160077
-.0364219245454831,-.24782335656716814,-.12755269968160077
-.0364219245454831,-.24782335656716814,-.12755269968160077
-.0364219245454831,-.24782335656716814,-.12755269968160077
-.0364219245454831,-.24782335656716814,-.12755269968160077
-.0364219245454831,-.24782335656716814,-.12755269968160077
-.0364219245454831,-.24782335656716814,-.12755269968160077
-.0364219245454831,-.24782335656716814,-.12755269968160077
-.0364219245454831,-.24782335656716814,-.12755269968160077
-.0364219245454831,-.24782335656716814,-.12755269968160077
-.0364219245454831,-.24782335656716814,-.12755269968160077
-.0364219245454831,-.24782335656716814,-.12755269968160077
-.0364219245454831,-.24782335656716814,-.12755269968160077
-.0364219245454831,-.24782335656716814,-.12755269968160077
-.0364219245454831,-.24782335656716814,-.12755269968160077
-.0364219245454831,-.24782335656716814,-.12755269968160077
-.0364219245454831,-.24782335656716814,-.12755269968160077
-.0364219245454831,-.24782335656716814,-.12755269968160077
-.0364219245454831,-.24782335656716814,-.12755269968160077
-.0364219245454831,-.24782335656716814,-.12755269968160077
-.0364219245454831,-.24782335656716814,-.12755269968160077
-.0364219245454831,-.24782335656716814,-.12755269968160077
-.0364219245454831,-.24782335656716814,-.12755269968160077
-.0364219245454831,-.24782335656716814,-.12755269968160077
-.0364219245454831,-.24782335656716814,-.12755269968160077
-.0364219245454831,-.24782335656716814,-.12755269968160077
-.0364219245454831,-.24782335656716814,-.12755269968160077
-.0364219245454831,-.24782335656716814,-.12755269968160077
-.0364219245454831,-.24782335656716814,-.12755269968160077
-.0364219245454831,-.24782335656716814,-.12755269968160077
-.0364219245454831,-.24782335656716814,-.12755269968160077
-.0364219245454831,-.24782335656716814,-.12755269968160077
-.0364219245454831,-.24782335656716814,-.12755269968160077
-.0364219245454831,-.24782335656716814,-.12755269968160077
-.0364219245454831,-.24782335656716814,-.12755269968160077
-.0364219245454831,-.24782335656716814,-.12755269968160077
-.0364219245454831,-.24782335656716814,-.12755269968160077
-.0364219245454831,-.24782335656716814,-.12755269968160077
-.0364219245454831,-.24782335656716814,-.12755269968160077
-.0364219245454831,-.24782335656716814,-.12755269968160077
-.0364219245454831,-.24782335656716814,-.12755269968160077
-.0364219245454831,-.24782335656716814,-.12755269968160077
-.0364219245454831,-.24782335656716814,-.12755269968160077
-.0364219245454831,-.24782335656716814,-.12755269968160077
-.0364219245454831,-.24782335656716814,-.12755269968160077
-.0364219245454831,-.24782335656716814,-.12755269968160077
-.0364219245454831,-.24782335656716814,-.12755269968160077
-.0364219245454831,-.24782335656716814,-.12755269968160077
-.0364219245454831,-.24782335656716814,-.12755269968160077
-.0364219245454831,-.24782335656716814,-.12755269968160077
-.0364219245454831,-.24782335656716814,-.12755269968160077
-.0364219245454831,-.24782335656716814,-.12755269968160077
-.0364219245454831,-.24782335656716814,-.12755269968160077
-.0364219245454831,-.24782335656716814,-.12755269968160077
-.0364219245454831,-.24782335656716814,-.12755269968160077
-.0364219245454831,-.24782335656716814,-.12755269968160077
-.0364219245454831,-.24782335656716814,-.12755269968160077
-.0364219245454831,-.24782335656716814,-.12755269968160077
-.0364219245454831,-.24782335656716814,-.12755269968160077
-.0364219245454831,-.24782335656716814,-.12755269968160077
-.0364219245454831,-.24782335656716814,-.12755269968160077
-.0364219245454831,-.24782335656716814,-.12755269968160077
-.0364219245454831,-.24782335656716814,-.12755269968160077
-.0364219245454831,-.24782335656716814,-.12755269968160077
-.0364219245454831,-.24782335656716814,-.12755269968160077
-.0364219245454831,-.24782335656716814,-.12755269968160077
-.0364219245454831,-.24782335656716814,-.12755269968160077
-.0364219245454831,-.24782335656716814,-.12755269968160077
-.0364219245454831,-.24782335656716814,-.12755269968160077
-.0364219245454831,-.24782335656716814,-.12755269968160077
-.0364219245454831,-.24782335656716814,-.12755269968160077
-.0364219245454831,-.24782335656716814,-.12755269968160077
-.0364219245454831,-.24782335656716814,-.12755269968160077
-.0364219245454831,-.24782335656716814,-.12755269968160077
-.0364219245454831,-.24782335656716814,-.12755269968160077
-.0364219245454831,-.24782335656716814,-.12755269968160077
-.0364219245454831,-.24782335656716814,-.12755269968160077
-.0364219245454831,-.24782335656716814,-.12755269968160077
-.0364219245454831,-.24782335656716814,-.12755269968160077
-.0364219245454831,-.24782335656716814,-.12755269968160077
-.0364219245454831,-.24782335656716814,-.12755269968160077
-.0364219245454831,-.24782335656716814,-.12755269968160077
-.0364219245454831,-.24782335656716814,-.12755269968160077
-.0364219245454831,-.24782335656716814,-.12755269968160077
-.0364219245454831,-.24782335656716814,-.12755269968160077
-.0364219245454831,-.24782335656716814,-.12755269968160077
-.0364219245454831,-.24782335656716814,-.12755269968160077
-.0364219245454831,-.24782335656716814,-.12755269968160077
-.0364219245454831,-.24782335656716814,-.12755269968160077
-.0364219245454831,-.24782335656716814,-.12755269968160077
-.0364219245454831,-.24782335656716814,-.12755269968160077
-.0364219245454831,-.24782335656716814,-.12755269968160077
-.0364219245454831,-.24782335656716814,-.12755269968160077
-.0364219245454831,-.24782335656716814,-.12755269968160077
-.0364219245454831,-.24782335656716814,-.12755269968160077
-.0364219245454831,-.24782335656716814,-.12755269968160077
-.0364219245454831,-.24782335656716814,-.12755269968160077
-.0364219245454831,-.24782335656716814,-.12755269968160077
-.0364219245454831,-.24782335656716814,-.12755269968160077
-.0364219245454831,-.24782335656716814,-.12755269968160077
-.0364219245454831,-.24782335656716814,-.12755269968160077
-.0364219245454831,-.24782335656716814,-.12755269968160077
-.0364219245454831,-.24782335656716814,-.12755269968160077
-.0364219245454831,-.24782335656716814,-.12755269968160077
-.0364219245454831,-.24782335656716814,-.12755269968160077
-.0364219245454831,-.24782335656716814,-.12755269968160077
-.0364219245454831,-.24782335656716814,-.12755269968160077
-.0364219245454831,-.24782335656716814,-.12755269968160077
-.0364219245454831,-.24782335656716814,-.12755269968160077
-.0364219245454831,-.24782335656716814,-.12755269968160077
-.0364219245454831,-.24782335656716814,-.12755269968160077
-.0364219245454831,-.24782335656716814,-.12755269968160077
-.0364219245454831,-.24782335656716814,-.12755269968160077
-.0364219245454831,-.24782335656716814,-.12755269968160077
-.0364219245454831,-.24782335656716814,-.12755269968160077
-.0364219245454831,-.24782335656716814,-.12755269968160077
-.0364219245454831,-.24782335656716814,-.12755269968160077
-.0364219245454831,-.24782335656716814,-.12755269968160077
-.0364219245454831,-.24782335656716814,-.12755269968160077
-.0364219245454831,-.24782335656716814,-.12755269968160077
-.0364219245454831,-.24782335656716814,-.12755269968160077
-.0364219245454831,-.24782335656716814,-.12755269968160077
-.0364219245454831,-.24782335656716814,-.12755269968160077
-.0364219245454831,-.24782335656716814,-.12755269968160077
-.0364219245454831,-.24782335656716814,-.12755269968160077
-.0364219245454831,-.24782335656716814,-.12755269968160077
-.0364219245454831,-.24782335656716814,-.12755269968160077
-.0364219245454831,-.24782335656716814,-.12755269968160077
-.0364219245454831,-.24782335656716814,-.12755269968160077
-.0364219245454831,-.24782335656716814,-.12755269968160077
-.0364219245454831,-.24782335656716814,-.12755269968160077
-.0364219245454831,-.24782335656716814,-.12755269968160077
-.0364219245454831,-.24782335656716814,-.12755269968160077
-.0364219245454831,-.24782335656716814,-.12755269968160077
-.0364219245454831,-.24782335656716814,-.12755269968160077
-.0364219245454831,-.24782335656716814,-.12755269968160077
-.0364219245454831,-.24782335656716814,-.12755269968160077
-.0364219245454831,-.24782335656716814,-.12755269968160077
-.0364219245454831,-.24782335656716814,-.12755269968160077
-.0364219245454831,-.24782335656716814,-.12755269968160077
-.0364219245454831,-.24782335656716814,-.12755269968160077
-.0364219245454831,-.24782335656716814,-.12755269968160077
-.0364219245454831,-.24782335656716814,-.12755269968160077
-.0364219245454831,-.24782335656716814,-.12755269968160077
-.0364219245454831,-.24782335656716814,-.12755269968160077
-.0364219245454831,-.24782335656716814,-.12755269968160077
-.0364219245454831,-.24782335656716814,-.12755269968160077
-.0364219245454831,-.24782335656716814,-.12755269968160077
-.0364219245454831,-.24782335656716814,-.12755269968160077
-.0364219245454831,-.24782335656716814,-.12755269968160077
-.0364219245454831,-.24782335656716814,-.12755269968160077
-.0364219245454831,-.24782335656716814,-.12755269968160077
-.0364219245454831,-.24782335656716814,-.12755269968160077
-.0364219245454831,-.24782335656716814,-.12755269968160077
-.0364219245454831,-.24782335656716814,-.12755269968160077
-.0364219245454831,-.24782335656716814,-.12755269968160077
-.0364219245454831,-.24782335656716814,-.12755269968160077
-.0364219245454831,-.24782335656716814,-.12755269968160077
-.0364219245454831,-.24782335656716814,-.12755269968160077
-.0364219245454831,-.24782335656716814,-.12755269968160077
-.0364219245454831,-.24782335656716814,-.12755269968160077
-.0364219245454831,-.24782335656716814,-.12755269968160077
-.0364219245454831,-.24782335656716814,-.12755269968160077
-.0364219245454831,-.24782335656716814,-.12755269968160077
-.0364219245454831,-.24782335656716814,-.12755269968160077
-.0364219245454831,-.24782335656716814,-.12755269968160077
-.0364219245454831,-.24782335656716814,-.12755269968160077
-.0364219245454831,-.24782335656716814,-.12755269968160077
-.0364219245454831,-.24782335656716814,-.12755269968160077
-.0364219245454831,-.24782335656716814,-.12755269968160077
-.0364219245454831,-.24782335656716814,-.12755269968160077
-.0364219245454831,-.24782335656716814,-.12755269968160077
-.0364219245454831,-.24782335656716814,-.12755269968160077
-.0364219245454831,-.24782335656716814,-.12755269968160077
-.0364219245454831,-.24782335656716814,-.12755269968160077
-.0364219245454831,-.24782335656716814,-.12755269968160077
-.0364219245454831,-.24782335656716814,-.12755269968160077
-.0364219245454831,-.24782335656716814,-.12755269968160077
-.0364219245454831,-.24782335656716814,-.12755269968160077
-.0364219245454831,-.24782335656716814,-.12755269968160077
-.0364219245454831,-.24782335656716814,-.12755269968160077
-.0364219245454831,-.24782335656716814,-.12755269968160077
-.0364219245454831,-.24782335656716814,-.12755269968160077
-.0364219245454831,-.24782335656716814,-.12755269968160077
-.0364219245454831,-.24782335656716814,-.12755269968160077
-.0364219245454831,-.24782335656716814,-.12755269968160077
-.0364219245454831,-.24782335656716814,-.12755269968160077
-.0364219245454831,-.24782335656716814,-.12755269968160077
-.0364219245454831,-.24782335656716814,-.12755269968160077
-.0364219245454831,-.24782335656716814,-.12755269968160077
-.0364219245454831,-.24782335656716814,-.12755269968160077
-.0364219245454831,-.24782335656716814,-.12755269968160077
-.0364219245454831,-.24782335656716814,-.12755269968160077
-.0364219245454831,-.24782335656716814,-.12755269968160077
-.0364219245454831,-.24782335656716814,-.12755269968160077
-.0364219245454831,-.24782335656716814,-.12755269968160077
-.0364219245454831,-.24782335656716814,-.12755269968160077
-.0364219245454831,-.24782335656716814,-.12755269968160077
-.0364219245454831,-.24782335656716814,-.12755269968160077
-.0364219245454831,-.24782335656716814,-.12755269968160077
-.0364219245454831,-.24782335656716814,-.12755269968160077
-.0364219245454831,-.24782335656716814,-.12755269968160077
-.0364219245454831,-.24782335656716814,-.12755269968160077
-.0364219245454831,-.24782335656716814,-.12755269968160077
-.0364219245454831,-.24782335656716814,-.12755269968160077
-.0364219245454831,-.24782335656716814,-.12755269968160077
-.0364219245454831,-.24782335656716814,-.12755269968160077
-.0364219245454831,-.24782335656716814,-.12755269968160077
-.0364219245454831,-.24782335656716814,-.12755269968160077
-.0364219245454831,-.24782335656716814,-.12755269968160077
-.0364219245454831,-.24782335656716814,-.12755269968160077
-.0364219245454831,-.24782335656716814,-.12755269968160077
-.0364219245454831,-.24782335656716814,-.12755269968160077
-.0364219245454831,-.24782335656716814,-.12755269968160077
-.0364219245454831,-.24782335656716814,-.12755269968160077
-.0364219245454831,-.24782335656716814,-.12755269968160077
-.0364219245454831,-.24782335656716814,-.12755269968160077
-.0364219245454831,-.24782335656716814,-.12755269968160077
-.0364219245454831,-.24782335656716814,-.12755269968160077
-.0364219245454831,-.24782335656716814,-.12755269968160077
-.0364219245454831,-.24782335656716814,-.12755269968160077
-.0364219245454831,-.24782335656716814,-.12755269968160077
-.0364219245454831,-.24782335656716814,-.12755269968160077
-.0364219245454831,-.24782335656716814,-.12755269968160077
-.0364219245454831,-.24782335656716814,-.12755269968160077
-.0364219245454831,-.24782335656716814,-.12755269968160077
-.0364219245454831,-.24782335656716814,-.12755269968160077
-.0364219245454831,-.24782335656716814,-.12755269968160077
-.0364219245454831,-.24782335656716814,-.12755269968160077
-.0364219245454831,-.24782335656716814,-.12755269968160077
-.0364219245454831,-.24782335656716814,-.12755269968160077
-.0364219245454831,-.24782335656716814,-.12755269968160077
-.0364219245454831,-.24782335656716814,-.12755269968160077
-.0364219245454831,-.24782335656716814,-.12755269968160077
-.0364219245454831,-.24782335656716814,-.12755269968160077
-.0364219245454831,-.24782335656716814,-.12755269968160077
-.0364219245454831,-.24782335656716814,-.12755269968160077
-.0364219245454831,-.24782335656716814,-.12755269968160077
-.0364219245454831,-.24782335656716814,-.12755269968160077
-.0364219245454831,-.24782335656716814,-.12755269968160077
-.0364219245454831,-.24782335656716814,-.12755269968160077
-.0364219245454831,-.24782335656716814,-.12755269968160077
-.0364219245454831,-.24782335656716814,-.12755269968160077
-.0364219245454831,-.24782335656716814,-.12755269968160077
-.0364219245454831,-.24782335656716814,-.12755269968160077
-.0364219245454831,-.24782335656716814,-.12755269968160077
-.0364219245454831,-.24782335656716814,-.12755269968160077
-.0364219245454831,-.24782335656716814,-.12755269968160077
-.0364219245454831,-.24782335656716814,-.12755269968160077
-.0364219245454831,-.24782335656716814,-.12755269968160077
-.0364219245454831,-.24782335656716814,-.12755269968160077
-.0364219245454831,-.24782335656716814,-.12755269968160077
-.0364219245454831,-.24782335656716814,-.12755269968160077
-.0364219245454831,-.24782335656716814,-.12755269968160077
-.0364219245454831,-.24782335656716814,-.12755269968160077
-.0364219245454831,-.24782335656716814,-.12755269968160077
-.0364219245454831,-.24782335656716814,-.12755269968160077
-.0364219245454831,-.24782335656716814,-.12755269968160077
-.0364219245454831,-.24782335656716814,-.12755269968160077
-.0364219245454831,-.24782335656716814,-.12755269968160077
-.0364219245454831,-.24782335656716814,-.12755269968160077
-.0364219245454831,-.24782335656716814,-.12755269968160077
-.0364219245454831,-.24782335656716814,-.12755269968160077
-.0364219245454831,-.24782335656716814,-.12755269968160077
-.0364219245454831,-.24782335656716814,-.12755269968160077
-.0364219245454831,-.24782335656716814,-.12755269968160077
-.0364219245454831,-.24782335656716814,-.12755269968160077
-.0364219245454831,-.24782335656716814,-.12755269968160077
-.0364219245454831,-.24782335656716814,-.12755269968160077
-.0364219245454831,-.24782335656716814,-.12755269968160077
-.0364219245454831,-.24782335656716814,-.12755269968160077
-.0364219245454831,-.24782335656716814,-.12755269968160077
-.0364219245454831,-.24782335656716814,-.12755269968160077
-.0364219245454831,-.24782335656716814,-.12755269968160077
-.0364219245454831,-.24782335656716814,-.12755269968160077
-.0364219245454831,-.24782335656716814,-.12755269968160077
-.0364219245454831,-.24782335656716814,-.12755269968160077
-.0364219245454831,-.24782335656716814,-.12755269968160077
-.0364219245454831,-.24782335656716814,-.12755269968160077
-.0364219245454831,-.24782335656716814,-.12755269968160077
-.0364219245454831,-.24782335656716814,-.12755269968160077
-.0364219245454831,-.24782335656716814,-.12755269968160077
-.0364219245454831,-.24782335656716814,-.12755269968160077
-.0364219245454831,-.24782335656716814,-.12755269968160077
-.0364219245454831,-.24782335656716814,-.12755269968160077
-.0364219245454831,-.24782335656716814,-.12755269968160077
-.0364219245454831,-.24782335656716814,-.12755269968160077
-.0364219245454831,-.24782335656716814,-.12755269968160077
-.0364219245454831,-.24782335656716814,-.12755269968160077
-.0364219245454831,-.24782335656716814,-.12755269968160077
-.0364219245454831,-.24782335656716814,-.12755269968160077
-.0364219245454831,-.24782335656716814,-.12755269968160077
-.0364219245454831,-.24782335656716814,-.12755269968160077
-.0364219245454831,-.24782335656716814,-.12755269968160077
-.0364219245454831,-.24782335656716814,-.12755269968160077
-.0364219245454831,-.24782335656716814,-.12755269968160077
-.0364219245454831,-.24782335656716814,-.12755269968160077
-.0364219245454831,-.24782335656716814,-.12755269968160077
-.0364219245454831,-.24782335656716814,-.12755269968160077
-.0364219245454831,-.24782335656716814,-.12755269968160077
-.0364219245454831,-.24782335656716814,-.12755269968160077
-.0364219245454831,-.24782335656716814,-.12755269968160077
-.0364219245454831,-.24782335656716814,-.12755269968160077
-.0364219245454831,-.24782335656716814,-.12755269968160077
-.0364219245454831,-.24782335656716814,-.12755269968160077
-.0364219245454831,-.24782335656716814,-.12755269968160077
-.0364219245454831,-.24782335656716814,-.12755269968160077
-.0364219245454831,-.24782335656716814,-.12755269968160077
-.0364219245454831,-.24782335656716814,-.12755269968160077
-.0364219245454831,-.24782335656716814,-.12755269968160077
-.0364219245454831,-.24782335656716814,-.12755269968160077
-.0364219245454831,-.24782335656716814,-.12755269968160077
-.0364219245454831,-.24782335656716814,-.12755269968160077
-.0364219245454831,-.24782335656716814,-.12755269968160077
-.0364219245454831,-.24782335656716814,-.12755269968160077
-.0364219245454831,-.24782335656716814,-.12755269968160077
-.0364219245454831,-.24782335656716814,-.12755269968160077
-.0364219245454831,-.24782335656716814,-.12755269968160077
-.0364219245454831,-.24782335656716814,-.12755269968160077
-.0364219245454831,-.24782335656716814,-.12755269968160077
-.0364219245454831,-.24782335656716814,-.12755269968160077
-.0364219245454831,-.24782335656716814,-.12755269968160077
-.0364219245454831,-.24782335656716814,-.12755269968160077
-.0364219245454831,-.24782335656716814,-.12755269968160077
-.0364219245454831,-.24782335656716814,-.12755269968160077
-.0364219245454831,-.24782335656716814,-.12755269968160077
-.0364219245454831,-.24782335656716814,-.12755269968160077
-.0364219245454831,-.24782335656716814,-.12755269968160077
-.0364219245454831,-.24782335656716814,-.12755269968160077
-.0364219245454831,-.24782335656716814,-.12755269968160077
-.0364219245454831,-.24782335656716814,-.12755269968160077
-.0364219245454831,-.24782335656716814,-.12755269968160077
-.0364219245454831,-.24782335656716814,-.12755269968160077
-.0364219245454831,-.24782335656716814,-.12755269968160077
-.0364219245454831,-.24782335656716814,-.12755269968160077
-.0364219245454831,-.24782335656716814,-.12755269968160077
-.0364219245454831,-.24782335656716814,-.12755269968160077
-.0364219245454831,-.24782335656716814,-.12755269968160077
-.0364219245454831,-.24782335656716814,-.12755269968160077
-.0364219245454831,-.24782335656716814,-.12755269968160077
-.0364219245454831,-.24782335656716814,-.12755269968160077
-.0364219245454831,-.24782335656716814,-.12755269968160077
-.0364219245454831,-.24782335656716814,-.12755269968160077
-.0364219245454831,-.24782335656716814,-.12755269968160077
-.0364219245454831,-.24782335656716814,-.12755269968160077
-.0364219245454831,-.24782335656716814,-.12755269968160077
-.0364219245454831,-.24782335656716814,-.12755269968160077
-.0364219245454831,-.24782335656716814,-.12755269968160077
-.0364219245454831,-.24782335656716814,-.12755269968160077
-.0364219245454831,-.24782335656716814,-.12755269968160077
-.0364219245454831,-.24782335656716814,-.12755269968160077
-.0364219245454831,-.24782335656716814,-.12755269968160077
-.0364219245454831,-.24782335656716814,-.12755269968160077
-.0364219245454831,-.24782335656716814,-.12755269968160077
-.0364219245454831,-.24782335656716814,-.12755269968160077
-.0364219245454831,-.24782335656716814,-.12755269968160077
-.0364219245454831,-.24782335656716814,-.12755269968160077
-.0364219245454831,-.24782335656716814,-.12755269968160077
-.0364219245454831,-.24782335656716814,-.12755269968160077
-.0364219245454831,-.24782335656716814,-.12755269968160077
-.0364219245454831,-.24782335656716814,-.12755269968160077
-.0364219245454831,-.24782335656716814,-.12755269968160077
-.0364219245454831,-.24782335656716814,-.12755269968160077
-.0364219245454831,-.24782335656716814,-.12755269968160077
-.0364219245454831,-.24782335656716814,-.12755269968160077
-.0364219245454831,-.24782335656716814,-.12755269968160077
-.0364219245454831,-.24782335656716814,-.12755269968160077
-.0364219245454831,-.24782335656716814,-.12755269968160077
-.0364219245454831,-.24782335656716814,-.12755269968160077
-.0364219245454831,-.24782335656716814,-.12755269968160077
-.0364219245454831,-.24782335656716814,-.12755269968160077
-.0364219245454831,-.24782335656716814,-.12755269968160077
-.0364219245454831,-.24782335656716814,-.12755269968160077
-.0364219245454831,-.24782335656716814,-.12755269968160077
-.0364219245454831,-.24782335656716814,-.12755269968160077
-.0364219245454831,-.24782335656716814,-.12755269968160077
-.0364219245454831,-.24782335656716814,-.12755269968160077
-.0364219245454831,-.24782335656716814,-.12755269968160077
-.0364219245454831,-.24782335656716814,-.12755269968160077
-.0364219245454831,-.24782335656716814,-.12755269968160077
-.0364219245454831,-.24782335656716814,-.12755269968160077
-.0364219245454831,-.24782335656716814,-.12755269968160077
-.0364219245454831,-.24782335656716814,-.12755269968160077
-.0364219245454831,-.24261713303034838,-.12755269968160077
-.0364219245454831,-.2374109094935286,-.12755269968160077
-.0364219245454831,-.23220468595670885,-.12755269968160077
-.0364219245454831,-.22699846241988908,-.12755269968160077
-.0364219245454831,-.22179223888306931,-.12755269968160077
-.0364219245454831,-.21658601534624955,-.12755269968160077
-.0364219245454831,-.21137979180942978,-.12755269968160077
-.0364219245454831,-.20617356827261002,-.12755269968160077
-.0364219245454831,-.20096734473579025,-.12755269968160077
-.0364219245454831,-.1957611211989705,-.12755269968160077
-.0364219245454831,-.19055489766215072,-.12755269968160077
-.0364219245454831,-.18534867412533096,-.12755269968160077
-.0364219245454831,-.1801424505885112,-.12755269968160077
-.0364219245454831,-.17493622705169143,-.12755269968160077
-.0364219245454831,-.16973000351487166,-.12755269968160077
-.0364219245454831,-.1645237799780519,-.12755269968160077
-.0364219245454831,-.15931755644123213,-.12755269968160077
-.0364219245454831,-.15411133290441237,-.12755269968160077
-.0364219245454831,-.1489051093675926,-.12755269968160077
-.0364219245454831,-.14369888583077284,-.12755269968160077
-.0364219245454831,-.13849266229395307,-.12755269968160077
-.0364219245454831,-.1332864387571333,-.12755269968160077
-.0364219245454831,-.12808021522031354,-.12755269968160077
-.0364219245454831,-.12287399168349378,-.12755269968160077
-.0364219245454831,-.11766776814667401,-.12755269968160077
-.0364219245454831,-.11246154460985425,-.12755269968160077
-.0364219245454831,-.10725532107303448,-.12755269968160077
-.0364219245454831,-.10204909753621472,-.12755269968160077
-.0364219245454831,-.09684287399939495,-.12755269968160077
-.0364219245454831,-.09163665046257519,-.12755269968160077
-.0364219245454831,-.08643042692575542,-.12755269968160077
-.0364219245454831,-.08122420338893566,-.12755269968160077
-.0364219245454831,-.07601797985211589,-.12755269968160077
-.0364219245454831,-.07081175631529613,-.12755269968160077
-.0364219245454831,-.06631703306806183,-.12755269968160077
-.0364219245454831,-.061110809531242066,-.11807906630715014
-.0364219245454831,-.0559045859944223,-.1086054329326995
-.0364219245454831,-.050698362457602536,-.09913179955824887
-.0364219245454831,-.04549213892078277,-.08965816618379824
-.0364219245454831,-.040285915383963006,-.0801845328093476
-.0364219245454831,-.03507969184714324,-.07071089943489697
-.0364219245454831,-.02987346831032348,-.06123726606044634
-.0364219245454831,-.024667244773503717,-.05176363268599571
-.0364219245454831,-.019461021236683956,-.042289999311545076
-.0364219245454831,-.014254797699864194,-.032816365937094444
-.0364219245454831,-.009048574163044432,-.02334273256264381
-.0364219245454831,-.0038423506262246707,-.013869099188193179
-.0364219245454831,.001363872910595091,-.004395465813742547
-.0364219245454831,.006570096447414853,.005078167560708086
-.0364219245454831,.011776319984234614,.014551800935158718
-.0364219245454831,.016982543521054376,.02402543430960935
-.0364219245454831,.022188767057874138,.03349906768405998
-.0364219245454831,.0273949905946939,.042972701058510615
-.0364219245454831,.032601214131513664,.05244633443296125
-.0364219245454831,.03780743766833343,.06191996780741188
-.0364219245454831,.043013661205153195,.07139360118186251
-.0364219245454831,.04821988474197296,.08086723455631314
-.0364219245454831,.053426108278792725,.09034086793076378
-.0364219245454831,.05863233181561249,.09981450130521441
-.0364219245454831,.06383855535243226,.10928813467966504
-.0364219245454831,.06904477888925202,.11876176805411567
-.0364219245454831,.07425100242607179,.12823540142856632
-.0364219245454831,.07945722596289155,.13770903480301694
-.0364219245454831,.08466344949971132,.14718266817746756
-.0364219245454831,.08986967303653108,.15665630155191818
-.0364219245454831,.09507589657335085,.1661299349263688
-.0364219245454831,.10028212011017061,.1756035683008194
-.0364219245454831,.10548834364699038,.18507720167527003
-.0364219245454831,.11069456718381014,.19455083504972065
-.0364219245454831,.1159007907206299,.20402446842417127
-.0364219245454831,.12110701425744967,.2134981017986219
-.0364219245454831,.12631323779426942,.2229717351730725
-.0364219245454831,.1315194613310892,.23244536854752312
-.0364219245454831,.13672568486790895,.24191900192197374
-.0364219245454831,.14193190840472872,.25139263529642436
-.0364219245454831,.14713813194154848,.260866268670875
-.0364219245454831,.15234435547836825,.2703399020453256
-.0364219245454831,.157550579015188,.2798135354197762
-.0364219245454831,.16275680255200778,.28928716879422683
-.0364219245454831,.16796302608882754,.29876080216867745
-.0364219245454831,.1731692496256473,.30823443554312807
-.0364219245454831,.17837547316246707,.3177080689175787
-.0364219245454831,.18358169669928684,.3271817022920293
-.0364219245454831,.1887879202361066,.3366553356664799
-.0364219245454831,.19399414377292637,.34612896904093055
-.0364219245454831,.19920036730974613,.35560260241538116
-.0364219245454831,.2044065908465659,.3650762357898318
-.0364219245454831,.20961281438338566,.3745498691642824
-.0364219245454831,.21481903792020543,.384023502538733
-.0364219245454831,.2200252614570252,.39349713591318364
-.0364219245454831,.22523148499384496,.40297076928763426
-.0364219245454831,.23043770853066473,.4124444026620849
-.0364219245454831,.2356439320674845,.4219180360365355
-.0364219245454831,.24085015560430426,.4313916694109861
-.0364219245454831,.24605637914112402,.44086530278543673
-.0364219245454831,.25126260267794376,.45033893615988735
-.0364219245454831,.2564688262147635,.45981256953433797
-.0364219245454831,.2616750497515833,.4692862029087886
-.0364219245454831,.26688127328840305,.4787598362832392
-.0364219245454831,.2720874968252228,.4882334696576898
-.0364219245454831,.2772937203620426,.49770710303214044
-.0364219245454831,.28249994389886235,.5071807364065911
-.0364219245454831,.2877061674356821,.5166543697810417
-.0364219245454831,.2929123909725019,.5261280031554924
-.0364219245454831,.29811861450932164,.535601636529943
-.0364219245454831,.3033248380461414,.5450752699043936
-.0364219245454831,.3085310615829612,.5545489032788442
-.0364219245454831,.31373728511978094,.5640225366532948
-.0364219245454831,.3189435086566007,.5734961700277454
-.0364219245454831,.32414973219342047,.5829698034021961
-.0364219245454831,.32935595573024024,.5924434367766467
-.0364219245454831,.33456217926706,.6019170701510973
-.0364219245454831,.33976840280387977,.6113907035255479
-.0364219245454831,.34497462634069953,.6208643368999985
-.0364219245454831,.3501808498775193,.6303379702744492
-.0364219245454831,.35538707341433906,.6398116036488998
-.0364219245454831,.3605932969511588,.6492852370233504
-.0364219245454831,.3657995204879786,.658758870397801
-.0364219245454831,.37100574402479836,.6682325037722516
-.0364219245454831,.3762119675616181,.6777061371467022
-.0364219245454831,.3811273124087814,.686650465922003
-.02844371962055233,.38633353594560116,.6961240992964536
-.020465514695621564,.3915397594824209,.7055977326709042
-.0124873097706908,.3967459830192407,.7150713660453548
-.004509104845760035,.40195220655606045,.7245449994198054
.00346910007917073,.4071584300928802,.734018632794256
.011447305004101495,.4123646536297,.7434922661687067
NaN,NaN,NaN
NaN,NaN,NaN
NaN,NaN,NaN
NaN,NaN,NaN
.012700721672822324,.413182577890049,.7449806222709398
