.8650457720455063,.6127650224165739,.5370822320808601
.8664411761187444,.6226815852615729,.5450429639704891
.8677567981427332,.6325460858712038,.5529089595263736
.8689926381174727,.6423585242454664,.5606802187485136
.870148696042963,.6521189003843608,.5683567416369091
.8712249719192039,.661827214287887,.5759385281915601
.8722214657461955,.671483465956045,.5834255784124666
.8731381775239379,.6810876553888349,.5908178922996286
.8739751072524309,.6906397825862565,.598115469853046
.8747322549316745,.7001398475483099,.6053183110727189
.8754096205616688,.7095878502749952,.6124264159586474
.8760072041424138,.7189837907663121,.6194397845108314
.8765250056739096,.728327669022261,.6263584167292708
.876963025156156,.7376194850428416,.6331823126139657
.8773212625891531,.746859238828054,.6399114721649162
.8775997179729009,.7560469303778983,.6465458953821221
.8777983913073995,.7651825596923744,.6530855822655836
.8779172825926487,.7742661267714822,.6595305328153005
.8779563918286486,.7832976316152218,.6658807470312729
.8779157190153992,.7922770742235933,.6721362249135008
.8777952641529004,.8012044545965965,.6782969664619841
.8775950272411523,.8100797727342316,.684362971676723
.877315008280155,.8189030286364984,.6903342405577174
.8771250328399134,.8237807917130869,.693609639002397
.8767608135944586,.8325230711174902,.6994335569970377
.8763965943490037,.8412132882865254,.7051627386579339
.8760323751035489,.8498514432201923,.7107971839850856
.8756681558580941,.8584375359184911,.7163368929784928
.8753039366126393,.8669715663814217,.7217818656381555
.8749397173671845,.8754535346089841,.7271321019640736
.8745754981217296,.8838834406011783,.7323876019562473
.8742112788762748,.8922612843580042,.7375483656146765
.87384705963082,.900587065879462,.7426143929393612
.8734828403853652,.9088607851655516,.7475856839303013
.8731186211399103,.917082442216273,.752462238587497
.8727544018944555,.9252520370316262,.7572440569109481
.8723901826490007,.9333695696116112,.7619311389006548
.8720259634035459,.941435039956228,.7665234845566169
.8716617441580911,.9494484480654766,.7710210938788346
.8712975249126362,.957409793939357,.7754239668673076
.8709333056671814,.9653190775778692,.7797321035220363
.8705690864217266,.9731762989810132,.7839455038430204
.8702048671762718,.980981458148789,.78806416783026
.869840647930817,.9887345550811966,.7920880954837551
.8694764286853621,.996435589778236,.7960172868035057
.8691122094399073,1.0040845622399073,.7998517417895118
.8687479901944525,1.0116814724662102,.8035914604417733
.8683837709489977,1.019226320457145,.8072364427602904
.8680195517035428,1.0267191062127117,.810786688745063
.867655332458088,1.0341598297329102,.814242198396091
.8672911132126332,1.0415484910177404,.8176029717133746
.8669268939671784,1.0488850900672024,.8208690086969136
.8665626747217235,1.0561696268812963,.8240403093467081
.8661984554762687,1.063402101460022,.8271168736627582
.8658342362308139,1.0705825138033793,.8300987016450637
.8654700169853591,1.0777108639113686,.8329857932936248
.8651057977399043,1.0847871517839895,.8357781486084412
.8647415784944494,1.0918113774212423,.8384757675895133
.8643773592489946,1.098783540823127,.8410786502368408
.8640131400035398,1.1057036419896435,.8435867965504238
.863648920758085,1.1125716809207917,.8460002065302623
.8632847015126301,1.1193876576165718,.8483188801763563
.8629204822671753,1.1261515720769837,.8505428174887057
.8625562630217205,1.1328634243020272,.8526720184673107
.8621920437762657,1.1395232142917027,.8547064831121711
.8618278245308109,1.14613094204601,.8566462114232871
.861463605285356,1.1526866075649491,.8584912034006585
.8610993860399012,1.15919021084852,.8602414590442855
.8607351667944464,1.1656417518967226,.8618969783541679
.8603709475489916,1.1720412307095571,.8634577613303058
.8600067283035367,1.1783886472870233,.8649238079726993
.8596425090580819,1.1846840016291214,.8662951182813482
.8592782898126271,1.1909272937358513,.8675716922562526
.8589140705671723,1.197118523607213,.8687535298974125
.8585498513217175,1.2032576912432065,.8698406312048279
.8581856320762626,1.2093447966438318,.8708329961784989
.8578214128308078,1.215379839809089,.8717306248184252
.857457193585353,1.2213628207389777,.8725335171246071
.8570929743398982,1.2272937394334984,.8732416730970445
.8567287550944434,1.233172595892651,.8738550927357374
.8563645358489885,1.2389993901164353,.8743737760406858
.8560003166035337,1.2447741221048514,.8747977230118896
.8556360973580789,1.2504967918578993,.875126933649349
.8552718781126241,1.256167399375579,.8753614079530638
.8549076588671692,1.2617859446578905,.8755011459230342
.8545434396217144,1.2673524277048338,.87554614755926
.8541792203762596,1.272866848516409,.8754964128617413
.8538150011308048,1.2783292070926158,.8753519418304782
.85345078188535,1.2837395034334544,.8751127344654704
.8530865626398951,1.289097737538925,.8747787907667183
.8527223433944403,1.2944039094090274,.8743501107342215
.8523581241489855,1.2996580190437614,.8738266943679803
.8519939049035307,1.3048600664431274,.8732085416679947
.8516296856580758,1.3100100516071251,.8724956526342644
.851265466412621,1.3151079745357546,.8716880272667897
.8509012471671662,1.3201538352290159,.8707856655655705
.8505370279217114,1.325147633686909,.8697885675306067
.8501728086762566,1.330089369909434,.8686967331618985
.8498085894308017,1.3349790438965907,.8675101624594458
.8496487014995718,1.3371091089896185,.8669593495756734
.849284482254117,1.3419238660372363,.8656838225788575
.8489202630086622,1.3466865608494858,.8644082955820415
.8485560437632074,1.351397193426367,.8631327685852255
.8481918245177525,1.3560557637678803,.8618572415884095
.8478276052722977,1.3606622718740253,.8605817145915935
.8474633860268429,1.365216717744802,.8593061875947775
.8470991667813881,1.3697191013802106,.8580306605979615
.8467349475359333,1.374169422780251,.8567551336011455
.8463707282904784,1.378567681944923,.8554796066043295
.8460065090450236,1.382913878874227,.8542040796075135
.8456422897995688,1.3872080135681628,.8529285526106976
.845278070554114,1.3914500860267303,.8516530256138816
.8449138513086591,1.3956400962499296,.8503774986170656
.8445496320632043,1.3997780442377608,.8491019716202496
.8441854128177495,1.4038639299902238,.8478264446234336
.8438211935722947,1.4078977535073185,.8465509176266176
.8434569743268399,1.411879514789045,.8452753906298016
.843092755081385,1.4158092138354035,.8439998636329856
.8427285358359302,1.4196868506463935,.8427243366361696
.8423643165904754,1.4235124252220155,.8414488096393536
.8420000973450206,1.4272859375622693,.8401732826425377
.8416358780995657,1.431007387667155,.8388977556457217
.8412716588541109,1.4346767755366723,.8376222286489057
.8409074396086561,1.4382941011708215,.8363467016520897
.8405432203632013,1.4418593645696025,.8350711746552737
.8401790011177465,1.4453725657330152,.8337956476584577
.8398147818722916,1.4488337046610598,.8325201206616417
.8394505626268368,1.4522427813537362,.8312445936648257
.839086343381382,1.4555997958110445,.8299690666680097
.8387221241359272,1.4589047480329844,.8286935396711937
.8383579048904723,1.4621576380195562,.8274180126743778
.8379936856450175,1.46535846577076,.8261424856775618
.8376294663995627,1.4685072312865952,.8248669586807458
.8372652471541079,1.4716039345670624,.8235914316839298
.8369010279086531,1.4746485756121614,.8223159046871138
.8365368086631982,1.4776411544218924,.8210403776902978
.8361725894177434,1.480581670996255,.8197648506934818
.8358083701722886,1.4834701253352494,.8184893236966658
.8354441509268338,1.4863065174388757,.8172137966998498
.835079931681379,1.4890908473071336,.8159382697030338
.8347157124359241,1.4918231149400234,.8146627427062179
.8343514931904693,1.494503320337545,.8133872157094019
.8339872739450145,1.4971314634996984,.8121116887125859
.8336230546995597,1.4997075444264836,.8108361617157699
.8332588354541048,1.5022315631179006,.8095606347189539
.83289461620865,1.5047035195739495,.8082851077221379
.8325303969631952,1.50712341379463,.8070095807253219
.8321661777177404,1.5094912457799425,.8057340537285059
.8318019584722856,1.5118070155298868,.8044585267316899
.8314377392268307,1.5140707230444628,.803182999734874
.8310735199813759,1.5162823683236706,.801907472738058
.8307093007359211,1.5184419513675103,.800631945741242
.8303450814904663,1.5205494721759818,.799356418744426
.8299808622450114,1.522604930749085,.79808089174761
.8296166429995566,1.52460832708682,.796805364750794
.8292524237541018,1.526559661189187,.795529837753978
.828888204508647,1.5284589330561855,.794254310757162
.8285239852631922,1.530306142687816,.792978783760346
.8281597660177373,1.5321012900840782,.79170325676353
.8277955467722825,1.5338443752449724,.790427729766714
.8274313275268277,1.5355353981704982,.7891522027698981
.8270671082813729,1.537174358860656,.7878766757730821
.826702889035918,1.5387612573154454,.7866011487762661
.8263386697904632,1.5402960935348666,.7853256217794501
.8259744505450084,1.5417788675189197,.7840500947826341
.8256102312995536,1.5432095792676046,.7827745677858181
.8252460120540988,1.5445882287809214,.7814990407890021
.8248817928086439,1.5459148160588698,.7802235137921861
.8245175735631891,1.5471893411014501,.7789479867953701
.8241533543177343,1.5484118039086623,.7776724597985541
.8237891350722795,1.549582204480506,.7763969328017382
.8234249158268246,1.5507005428169818,.7751214058049222
.8230606965813698,1.5517668189180893,.7738458788081062
.822696477335915,1.5527810327838285,.7725703518112902
.8223322580904602,1.5537431844141996,.7712948248144742
.8219680388450054,1.5546532738092025,.7700192978176582
.8216038195995505,1.5555113009688373,.7687437708208422
.8212396003540957,1.5563172658931037,.7674682438240262
.8208753811086409,1.557071168582002,.7661927168272102
.8205111618631861,1.5577730090355322,.7649171898303943
.8201469426177312,1.558422787253694,.7636416628335783
.8197827233722764,1.5590205032364877,.7623661358367623
.8194185041268216,1.5595661569839132,.7610906088399463
.8190542848813668,1.5600597484959706,.7598150818431303
.818690065635912,1.5605012777726597,.7585395548463143
.8183258463904571,1.5608907448139806,.7572640278494983
.8179616271450023,1.5612281496199334,.7559885008526823
.8175974078995475,1.5615134921905178,.7547129738558663
.8172331886540927,1.5617467725257341,.7534374468590503
.8168689694086378,1.5619279906255823,.7521619198622344
.816504750163183,1.5620571464900623,.7508863928654184
.8161405309177282,1.562134240119174,.7496108658686024
.8157763116722734,1.5621592715129176,.7483353388717864
.8154120924268186,1.562132240671293,.7470598118749704
.8150478731813637,1.5620531475943,.7457842848781544
.8146836539359089,1.561921992281939,.7445087578813384
.8143194346904541,1.5617387747342097,.7432332308845224
.8139552154449993,1.5615034949511124,.7419577038877064
.8135909961995444,1.5612161529326467,.7406821768908904
.8132267769540896,1.5608767486788129,.7394066498940745
.8128625577086348,1.560485282189611,.7381311228972585
.81249833846318,1.5600417534650406,.7368555959004425
.8121341192177252,1.5595461625051021,.7355800689036265
.8117698999722703,1.5589985093097956,.7343045419068105
.8114056807268155,1.5583987938791208,.7330290149099945
.8110414614813607,1.5577470162130778,.7317534879131785
.8106772422359059,1.5570431763116666,.7304779609163625
.810313022990451,1.5562872741748872,.7292024339195465
.8099488037449962,1.5554793098027395,.7279269069227305
.8095845844995414,1.5546192831952237,.7266513799259146
.8092203652540866,1.5537071943523397,.7253758529290986
.8088561460086318,1.5527430432740874,.7241003259322826
.8084919267631769,1.551726829960467,.7228247989354666
.8081277075177221,1.5506585544114784,.7215492719386506
.8077634882722673,1.5495382166271217,.7202737449418346
.8073992690268125,1.5483658166073966,.7189982179450186
.8070350497813576,1.5471413543523034,.7177226909482026
.8066708305359028,1.545864829861842,.7164471639513866
.806306611290448,1.5445362431360123,.7151716369545706
.8059423920449932,1.5431555941748145,.7138961099577547
.8055781727995384,1.5417228829782486,.7126205829609387
.8052139535540835,1.5402381095463145,.7113450559641227
.8048497343086287,1.538701273879012,.7100695289673067
.8044855150631739,1.5371123759763414,.7087940019704907
.8041212958177191,1.5354714158383027,.7075184749736747
.8037570765722643,1.5337783934648956,.7062429479768587
.8033928573268094,1.5320333088561204,.7049674209800427
.8030286380813546,1.530236162011977,.7036918939832267
.8026644188358998,1.5283869529324656,.7024163669864107
.802300199590445,1.5264856816175858,.7011408399895948
.8019359803449901,1.5245323480673378,.6998653129927788
.8015717610995353,1.5225269522817217,.6985897859959628
.8012075418540805,1.5204694942607373,.6973142589991468
.8008433226086257,1.5183599740043847,.6960387320023308
.8004791033631709,1.516198391512664,.6947632050055148
.800114884117716,1.5139847467855752,.6934876780086988
.7997506648722612,1.511719039823118,.6922121510118828
.7993864456268064,1.5094012706252926,.6909366240150668
.7990222263813516,1.5070314391920991,.6896610970182508
.7986580071358967,1.5046095455235373,.6883855700214349
.7984459716615242,1.5031756285408209,.6876430036271015
.7980817524160694,1.5006973949751492,.6863674766302855
.7977175331706146,1.4982191614094775,.6850919496334695
.7973533139251597,1.4957409278438059,.6838164226366535
.7969890946797049,1.4932626942781342,.6825408956398376
.7966248754342501,1.4907844607124625,.6812653686430216
.7962606561887953,1.4883062271467908,.6799898416462056
.7958964369433404,1.4858279935811192,.6787143146493896
.7955322176978856,1.4833497600154475,.6774387876525736
.7951679984524308,1.4808715264497758,.6761632606557576
.794803779206976,1.4783932928841041,.6748877336589416
.7944395599615212,1.4759150593184325,.6736122066621256
.7940753407160663,1.4734368257527608,.6723366796653096
.7937111214706115,1.4709585921870891,.6710611526684936
.7933469022251567,1.4684803586214175,.6697856256716777
.7929826829797019,1.4660021250557458,.6685100986748617
.792618463734247,1.4635238914900741,.6672345716780457
.7922542444887922,1.4610456579244024,.6659590446812297
.7918900252433374,1.4585674243587308,.6646835176844137
.7915258059978826,1.456089190793059,.6634079906875977
.7911615867524278,1.4536109572273874,.6621324636907817
.7907973675069729,1.4511327236617158,.6608569366939657
.7904331482615181,1.448654490096044,.6595814096971497
.7900689290160633,1.4461762565303724,.6583058827003337
.7897047097706085,1.4436980229647007,.6570303557035178
.7893404905251536,1.441219789399029,.6557548287067018
.7889762712796988,1.4387415558333574,.6544793017098858
.788612052034244,1.4362633222676857,.6532037747130698
.7882478327887892,1.433785088702014,.6519282477162538
.7878836135433344,1.4313068551363424,.6506527207194378
.7875193942978795,1.4288286215706707,.6493771937226218
.7871551750524247,1.426350388004999,.6481016667258058
.7867909558069699,1.4238721544393274,.6468261397289898
.7864267365615151,1.4213939208736557,.6455506127321738
.7860625173160602,1.418915687307984,.6442750857353579
.7856982980706054,1.4164374537423123,.6429995587385419
.7853340788251506,1.4139592201766407,.6417240317417259
.7849698595796958,1.411480986610969,.6404485047449099
.784605640334241,1.4090027530452973,.6391729777480939
.7842414210887861,1.4065245194796256,.6378974507512779
.7838772018433313,1.404046285913954,.6366219237544619
.7835129825978765,1.4015680523482823,.6353463967576459
.7831487633524217,1.3990898187826106,.6340708697608299
.7827845441069669,1.396611585216939,.632795342764014
.782420324861512,1.3941333516512673,.631519815767198
.7820561056160572,1.3916551180855956,.630244288770382
.7816918863706024,1.389176884519924,.628968761773566
.7813276671251476,1.3866986509542523,.62769323477675
.7809634478796927,1.3842204173885806,.626417707779934
.7805992286342379,1.381742183822909,.625142180783118
.7802350093887831,1.3792639502572372,.623866653786302
.7798707901433283,1.3767857166915656,.622591126789486
.7795065708978735,1.374307483125894,.62131559979267
.7791423516524186,1.3718292495602222,.620040072795854
.7787781324069638,1.3693510159945506,.6187645457990381
.778413913161509,1.3668727824288789,.6174890188022221
.7780496939160542,1.3643945488632072,.6162134918054061
.7776854746705993,1.3619163152975355,.6149379648085901
.7773212554251445,1.3594380817318639,.6136624378117741
.7769570361796897,1.3569598481661922,.6123869108149581
.7765928169342349,1.3544816146005205,.6111113838181421
.77622859768878,1.3520033810348489,.6098358568213261
.7758643784433252,1.3495251474691772,.6085603298245101
.7755001591978704,1.3470469139035055,.6072848028276941
.7751359399524156,1.3445686803378338,.6060092758308782
.7747717207069608,1.3420904467721622,.6047337488340622
.7744075014615059,1.3396122132064905,.6034582218372462
.7740432822160511,1.3371339796408188,.6021826948404302
.7736790629705963,1.3346557460751471,.6009071678436142
.7733148437251415,1.3321775125094755,.5996316408467982
.7729506244796867,1.3296992789438038,.5983561138499822
.7725864052342318,1.3272210453781321,.5970805868531662
.772222185988777,1.3247428118124605,.5958050598563502
.7718579667433222,1.3222645782467888,.5945295328595342
.7714937474978674,1.319786344681117,.5932540058627183
.7711295282524125,1.3173081111154454,.5919784788659023
.7707653090069577,1.3148298775497738,.5907029518690863
.7704010897615029,1.312351643984102,.5894274248722703
.7700368705160481,1.3098734104184304,.5881518978754543
.7696726512705933,1.3073951768527587,.5868763708786383
.7693084320251384,1.304916943287087,.5856008438818223
.7689442127796836,1.3024387097214154,.5843253168850063
.7685799935342288,1.2999604761557437,.5830497898881903
.768215774288774,1.297482242590072,.5817742628913743
.7678515550433191,1.2950040090244004,.5804987358945584
.7674873357978643,1.2925257754587287,.5792232088977424
.7671231165524095,1.290047541893057,.5779476819009264
.7667588973069547,1.2875693083273854,.5766721549041104
.7663946780614999,1.2850910747617137,.5753966279072944
.766030458816045,1.282612841196042,.5741211009104784
.7656662395705902,1.2801346076303703,.5728455739136624
.7653020203251354,1.2776563740646987,.5715700469168464
.7649378010796806,1.275178140499027,.5702945199200304
.7645735818342257,1.2726999069333553,.5690189929232145
.7642093625887709,1.2702216733676837,.5677434659263985
.7638451433433161,1.267743439802012,.5664679389295825
.7634809240978613,1.2652652062363403,.5651924119327665
.7631167048524065,1.2627869726706686,.5639168849359505
.7627524856069516,1.260308739104997,.5626413579391345
.7623882663614968,1.2578305055393253,.5613658309423185
.762024047116042,1.2553522719736536,.5600903039455025
.7616598278705872,1.252874038407982,.5588147769486865
.7612956086251323,1.2503958048423103,.5575392499518705
.7609313893796775,1.2479175712766386,.5562637229550546
.7605671701342227,1.245439337710967,.5549881959582386
.7602029508887679,1.2429611041452953,.5537126689614226
.7598387316433131,1.2404828705796236,.5524371419646066
.7594745123978582,1.238004637013952,.5511616149677906
.7591102931524034,1.2355264034482802,.5498860879709746
.7587460739069486,1.2330481698826086,.5486105609741586
.7583818546614938,1.230569936316937,.5473350339773426
.758017635416039,1.2280917027512652,.5460595069805266
.7576534161705841,1.2256134691855936,.5447839799837106
.7572891969251293,1.2231352356199219,.5435084529868947
.7569249776796745,1.2206570020542502,.5422329259900787
.7565607584342197,1.2181787684885785,.5409573989932627
.7561965391887648,1.2157005349229069,.5396818719964467
.75583231994331,1.2132223013572352,.5384063449996307
.7554681006978552,1.2107440677915635,.5371308180028147
.7551038814524004,1.2082658342258918,.5358552910059987
.7547396622069455,1.2057876006602202,.5345797640091827
.7543754429614907,1.2033093670945485,.5333042370123667
.7540112237160359,1.2008311335288768,.5320287100155507
.7536470044705811,1.1983528999632052,.5307531830187348
.7532827852251263,1.1958746663975335,.5294776560219188
.7529185659796714,1.1933964328318618,.5282021290251028
.7525543467342166,1.1909181992661901,.5269266020282868
.7521901274887618,1.1884399657005185,.5256510750314708
.751825908243307,1.1859617321348468,.5243755480346548
.7514616889978522,1.1834834985691751,.5231000210378388
.7510974697523973,1.1810052650035034,.5218244940410228
.7507332505069425,1.1785270314378318,.5205489670442068
.7503690312614877,1.17604879787216,.5192734400473908
.7500048120160329,1.1735705643064884,.5179979130505749
.749640592770578,1.1710923307408168,.5167223860537589
.7492763735251232,1.168614097175145,.5154468590569429
.7489121542796684,1.1661358636094734,.5141713320601269
.7485479350342136,1.1636576300438017,.5128958050633109
.7481837157887588,1.16117939647813,.5116202780664949
.7478194965433039,1.1587011629124584,.5103447510696789
.7474552772978491,1.1562229293467867,.5090692240728629
.7470910580523943,1.153744695781115,.5077936970760469
.7467268388069395,1.1512664622154434,.506518170079231
.7463626195614846,1.1487882286497717,.505242643082415
.7459984003160298,1.1463099950841,.503967116085599
.745634181070575,1.1438317615184284,.502691589088783
.7452699618251202,1.1413535279527567,.501416062091967
.7449057425796654,1.138875294387085,.500140535095151
.7445415233342105,1.1363970608214133,.498865008098335
.7441773040887557,1.1339188272557417,.497589481101519
.7438130848433009,1.13144059369007,.496313954104703
.7434488655978461,1.1289623601243983,.49503842710788704
.7430846463523912,1.1264841265587267,.49376290011107105
.7427204271069364,1.124005892993055,.49248737311425506
.7423562078614816,1.1215276594273833,.49121184611743907
.7419919886160268,1.1190494258617116,.4899363191206231
.741627769370572,1.11657119229604,.4886607921238071
.7412635501251171,1.1140929587303683,.4873852651269911
.7408993308796623,1.1116147251646966,.4861097381301751
.7405351116342075,1.109136491599025,.4848342111333591
.7401708923887527,1.1066582580333533,.4835586841365431
.7398066731432978,1.1041800244676816,.48228315713972714
.739442453897843,1.10170179090201,.48100763014291115
.7390782346523882,1.0992235573363383,.47973210314609516
.7387140154069334,1.0967453237706666,.47845657614927917
.7383497961614786,1.094267090204995,.4771810491524632
.7379855769160237,1.0917888566393232,.4759055221556472
.7376213576705689,1.0893106230736516,.4746299951588312
.7372571384251141,1.08683238950798,.4733544681620152
.7368929191796593,1.0843541559423082,.4720789411651992
.7365286999342044,1.0818759223766365,.4708034141683832
.7361644806887496,1.0793976888109649,.46952788717156724
.7358002614432948,1.0769194552452932,.46825236017475125
.73543604219784,1.0744412216796215,.46697683317793526
.7350718229523852,1.0719629881139499,.46570130618111927
.7347076037069303,1.0694847545482782,.4644257791843033
.7343433844614755,1.0670065209826065,.4631502521874873
.7339791652160207,1.0645282874169348,.4618747251906713
.7336149459705659,1.0620500538512632,.4605991981938553
.733250726725111,1.0595718202855915,.4593236711970393
.7328865074796562,1.0570935867199198,.45804814420022333
.7325222882342014,1.0546153531542481,.45677261720340734
.7321580689887466,1.0521371195885765,.45549709020659135
.7317938497432918,1.0496588860229048,.45422156320977536
.7314296304978369,1.0471806524572331,.45294603621295937
.7310654112523821,1.0447024188915615,.4516705092161434
.7307011920069273,1.0422241853258898,.4503949822193274
.7303369727614725,1.0397459517602181,.4491194552225114
.7299727535160176,1.0372677181945464,.4478439282256954
.7296085342705628,1.0347894846288748,.4465684012288794
.729244315025108,1.032311251063203,.44529287423206343
.7288800957796532,1.0298330174975314,.44401734723524744
.7285158765341984,1.0273547839318597,.44274182023843145
.7281516572887435,1.024876550366188,.44146629324161546
.7277874380432887,1.0223983168005164,.44019076624479947
.7274232187978339,1.0199200832348447,.4389152392479835
.7270589995523791,1.017441849669173,.4376397122511675
.7266947803069242,1.0149636161035014,.4363641852543515
.7263305610614694,1.0124853825378297,.4350886582575355
.7259663418160146,1.010007148972158,.4338131312607195
.7256021225705598,1.0075289154064864,.43253760426390353
.725237903325105,1.0050506818408147,.43126207726708754
.7248736840796501,1.002572448275143,.42998655027027155
.7245094648341953,1.0000942147094714,.42871102327345556
.7241452455887405,.9976159811437997,.42743549627663957
.7237810263432857,.995137747578128,.4261599692798236
.7234168070978308,.9926595140124563,.4248844422830076
.723052587852376,.9901812804467847,.4236089152861916
.7226883686069212,.987703046881113,.4223333882893756
.7223241493614664,.9852248133154413,.4210578612925596
.7219599301160116,.9827465797497696,.41978233429574363
.7215957108705567,.980268346184098,.41850680729892764
.7212314916251019,.9777901126184263,.41723128030211165
.7208672723796471,.9753118790527546,.41595575330529566
.7205030531341923,.972833645487083,.41468022630847967
.7201388338887375,.9703554119214113,.4134046993116637
.7197746146432826,.9678771783557396,.4121291723148477
.7194103953978278,.9653989447900679,.4108536453180317
.719046176152373,.9629207112243963,.4095781183212157
.7186819569069182,.9604424776587246,.4083025913243997
.7183177376614633,.9579642440930529,.40702706432758373
.7179535184160085,.9554860105273812,.40575153733076774
.7175892991705537,.9530077769617096,.40447601033395175
.7172250799250989,.9505295433960379,.40320048333713576
.716860860679644,.9480513098303662,.4019249563403198
.7164966414341892,.9455730762646946,.4006494293435038
.7161324221887344,.9430948426990229,.3993739023466878
.7157682029432796,.9406166091333512,.3980983753498718
.7154039836978248,.9381383755676795,.3968228483530558
.7150397644523699,.9356601420020079,.3955473213562398
.7146755452069151,.9331819084363362,.39427179435942383
.7143113259614603,.9307036748706645,.39299626736260784
.7139471067160055,.9282254413049928,.39172074036579185
.7135828874705507,.9257472077393212,.39044521336897586
.7132186682250958,.9232689741736495,.3891696863721599
.712854448979641,.9207907406079778,.3878941593753439
.7124902297341862,.9183125070423062,.3866186323785279
.7121260104887314,.9158342734766345,.3853431053817119
.7117617912432765,.9133560399109628,.3840675783848959
.7113975719978217,.9108778063452911,.3827920513880799
.7110333527523669,.9083995727796195,.38151652439126393
.7106691335069121,.9059213392139478,.38024099739444794
.7103049142614573,.9034431056482761,.37896547039763195
.7099406950160024,.9009648720826045,.37768994340081596
.7095764757705476,.8984866385169328,.376414416404
.7092122565250928,.8960084049512611,.375138889407184
.708848037279638,.8935301713855894,.373863362410368
.7084838180341831,.8910519378199178,.372587835413552
.7081195987887283,.8885737042542461,.371312308416736
.7077553795432735,.8860954706885744,.37003678141992
.7073911602978187,.8836172371229027,.36876125442310403
.7070269410523639,.8811390035572311,.36748572742628804
.706662721806909,.8786607699915594,.36621020042947205
.7062985025614542,.8761825364258877,.36493467343265606
.7059342833159994,.873704302860216,.3636591464358401
.7055700640705446,.8712260692945444,.3623836194390241
.7052058448250897,.8687478357288727,.3611080924422081
.7048416255796349,.866269602163201,.3598325654453921
.7044774063341801,.8637913685975294,.3585570384485761
.7041131870887253,.8613131350318577,.3572815114517601
.7037489678432705,.858834901466186,.35600598445494414
.7033847485978156,.8563566679005143,.35473045745812815
.7030205293523608,.8538784343348427,.35345493046131216
.702656310106906,.851400200769171,.35217940346449617
.7022920908614512,.8489219672034993,.3509038764676802
.7019278716159963,.8464437336378277,.3496283494708642
.7015636523705415,.843965500072156,.3483528224740482
.7011994331250867,.8414872665064843,.3470772954772322
.7008352138796319,.8390090329408126,.3458017684804162
.7004709946341771,.836530799375141,.3445262414836002
.7001067753887222,.8340525658094693,.34325071448678424
.6997425561432674,.8315743322437976,.34197518748996825
.6993783368978126,.829096098678126,.34069966049315226
.6990141176523578,.8266178651124543,.33942413349633627
.698649898406903,.8241396315467826,.3381486064995203
.6982856791614481,.8216613979811109,.3368730795027043
.6979214599159933,.8191831644154393,.3355975525058883
.6975572406705385,.8167049308497676,.3343220255090723
.6971930214250837,.8142266972840959,.3330464985122563
.6968288021796288,.8117484637184242,.3317709715154403
.696464582934174,.8092702301527526,.33049544451862434
.6961003636887192,.8067919965870809,.32921991752180835
.6957361444432644,.8043137630214092,.32794439052499236
.6953719251978095,.8018355294557376,.32666886352817637
.6950077059523547,.7993572958900659,.3253933365313604
.6946434867068999,.7968790623243942,.3241178095345444
.6942792674614451,.7944008287587225,.3228422825377284
.6939150482159903,.7919225951930509,.3215667555409124
.6935508289705354,.7894443616273792,.3202912285440964
.6931866097250806,.7869661280617075,.31901570154728043
.6928223904796258,.7844878944960358,.31774017455046444
.692458171234171,.7820096609303642,.31646464755364845
.6920939519887161,.7795314273646925,.31518912055683246
.6917297327432613,.7770531937990208,.31391359356001647
.6913655134978065,.7745749602333492,.3126380665632005
.6910012942523517,.7720967266676775,.3113625395663845
.6906370750068969,.7696184931020058,.3100870125695685
.690272855761442,.7671402595363341,.3088114855727525
.6899086365159872,.7646620259706625,.3075359585759365
.6895444172705324,.7621837924049908,.30626043157912053
.6891801980250776,.7597055588393191,.30498490458230454
.6888159787796228,.7572273252736474,.30370937758548855
.6884517595341679,.7547490917079758,.30243385058867256
.6880875402887131,.7522708581423041,.30115832359185657
.6877233210432583,.7497926245766324,.2998827965950406
.6873591017978035,.7473143910109608,.2986072695982246
.6869948825523486,.7448361574452891,.2973317426014086
.6866306633068938,.7423579238796174,.2960562156045926
.686266444061439,.7398796903139457,.2947806886077766
.6859022248159842,.7374014567482741,.29350516161096063
.6855380055705294,.7349232231826024,.29222963461414464
.6851737863250745,.7324449896169307,.29095410761732865
.6848095670796197,.729966756051259,.28967858062051266
.6844453478341649,.7274885224855874,.28840305362369667
.6840811285887101,.7250102889199157,.2871275266268807
.6837169093432552,.722532055354244,.2858519996300647
.6833526900978004,.7200538217885724,.2845764726332487
.6829884708523456,.7175755882229007,.2833009456364327
.6826242516068908,.715097354657229,.2820254186396167
.682260032361436,.7126191210915573,.28074989164280073
.6818958131159811,.7101408875258857,.27947436464598474
.6815315938705263,.707662653960214,.27819883764916875
.6811673746250715,.7051844203945423,.27692331065235276
.6808031553796167,.7027061868288706,.27564778365553677
.6804389361341618,.700227953263199,.2743722566587208
.680074716888707,.6977497196975273,.2730967296619048
.6797104976432522,.6952714861318556,.2718212026650888
.6793462783977974,.692793252566184,.2705456756682728
.6789820591523426,.6903150190005123,.2692701486714568
.6786178399068877,.6878367854348406,.26799462167464083
.6782536206614329,.6853585518691689,.26671909467782484
.6778894014159781,.6828803183034973,.26544356768100885
.6775251821705233,.6804020847378256,.26416804068419286
.6771609629250684,.6779238511721539,.26289251368737687
.6767967436796136,.6754456176064823,.2616169866905609
.6764325244341588,.6729673840408106,.2603414596937449
.676068305188704,.6704891504751389,.2590659326969289
.6757040859432492,.6680109169094672,.2577904057001129
.6753398666977943,.6655326833437956,.2565148787032969
.6749756474523395,.6630544497781239,.25523935170648093
.6746114282068847,.6605762162124522,.25396382470966494
.6742472089614299,.6580979826467805,.25268829771284895
.673882989715975,.6556197490811089,.25141277071603296
.6735187704705202,.6531415155154372,.250137243719217
.6731545512250654,.6506632819497655,.24886171672240096
.6727903319796106,.6481850483840939,.24758618972558494
.6724261127341558,.6457068148184222,.24631066272876892
.6720618934887009,.6432285812527505,.2450351357319529
.6716976742432461,.6407503476870788,.24375960873513688
.6713334549977913,.6382721141214072,.24248408173832087
.6709692357523365,.6357938805557355,.24120855474150485
.6706050165068816,.6333156469900638,.23993302774468883
.6702407972614268,.6308374134243921,.2386575007478728
.669876578015972,.6283591798587205,.2373819737510568
.6695123587705172,.6258809462930488,.23610644675424078
.6691481395250624,.6234027127273771,.23483091975742476
.6687839202796075,.6209244791617055,.23355539276060874
.6684197010341527,.6184462455960338,.23227986576379273
.6680554817886979,.6159680120303621,.2310043387669767
.6676912625432431,.6134897784646904,.2297288117701607
.6673270432977882,.6110115448990188,.22845328477334467
.6669628240523334,.6085333113333471,.22717775777652865
.6665986048068786,.6060550777676754,.22590223077971264
.6662343855614238,.6035768442020037,.22462670378289662
.665870166315969,.6010986106363321,.2233511767860806
.6655059470705141,.5986203770706604,.22207564978926458
.6651417278250593,.5961421435049887,.22080012279244857
.6647775085796045,.5936639099393171,.21952459579563255
.6644132893341497,.5911856763736454,.21824906879881653
.6640490700886948,.5887074428079737,.2169735418020005
.66368485084324,.586229209242302,.2156980148051845
.6633206315977852,.5837509756766304,.21442248780836848
.6629564123523304,.5812727421109587,.21314696081155246
.6625921931068756,.578794508545287,.21187143381473644
.6622279738614207,.5763162749796154,.21059590681792043
.6618637546159659,.5738380414139437,.2093203798211044
.6614995353705111,.571359807848272,.2080448528242884
.6611353161250563,.5688815742826003,.20676932582747237
.6607710968796014,.5664033407169287,.20549379883065635
.6604068776341466,.563925107151257,.20421827183384034
.6600426583886918,.5614468735855853,.20294274483702432
.659678439143237,.5589686400199136,.2016672178402083
.6593142198977822,.556490406454242,.20039169084339228
.6589500006523273,.5540121728885703,.19911616384657627
.6585857814068725,.5515339393228986,.19784063684976025
.6582215621614177,.549055705757227,.19656510985294423
.6578573429159629,.5465774721915553,.1952895828561282
.657493123670508,.5440992386258836,.1940140558593122
.6571289044250532,.5416210050602119,.19273852886249618
.6567646851795984,.5391427714945403,.19146300186568016
.6564004659341436,.5366645379288686,.19018747486886414
.6560362466886888,.5341863043631969,.18891194787204812
.6556720274432339,.5317080707975252,.1876364208752321
.6553078081977791,.5292298372318536,.1863608938784161
.6549435889523243,.5267516036661819,.18508536688160007
.6545793697068695,.5242733701005102,.18380983988478405
.6542151504614147,.5217951365348386,.18253431288796804
.6538509312159598,.5193169029691669,.18125878589115202
.653486711970505,.5168386694034952,.179983258894336
.6531224927250502,.5143604358378235,.17870773189751998
.6527582734795954,.5118822022721519,.17743220490070397
.6523940542341405,.5094039687064802,.17615667790388795
.6520298349886857,.5069257351408085,.17488115090707193
.6516656157432309,.5044475015751368,.1736056239102559
.6513013964977761,.5019692680094652,.1723300969134399
.6509371772523213,.4994910344437935,.17105456991662388
.6505729580068664,.49701280087812183,.16977904291980786
.6502087387614116,.49453456731245016,.16850351592299184
.6498445195159568,.4920563337467785,.16722798892617582
.649480300270502,.4895781001811068,.1659524619293598
.6491160810250471,.48709986661543514,.1646769349325438
.6487518617795923,.48462163304976347,.16340140793572777
.6483876425341375,.4821433994840918,.16212588093891175
.6480234232886827,.4796651659184201,.16085035394209574
.6476592040432279,.47718693235274845,.15957482694527972
.647294984797773,.4747086987870768,.1582992999484637
.6469307655523182,.4722304652214051,.15702377295164768
.6465665463068634,.46975223165573343,.15574824595483167
.6462023270614086,.46727399809006176,.15447271895801565
.6458381078159537,.4647957645243901,.15319719196119963
.6454738885704989,.4623175309587184,.1519216649643836
.6451096693250441,.45983929739304674,.1506461379675676
.6447454500795893,.45736106382737507,.14937061097075158
.6443812308341345,.4548828302617034,.14809508397393556
.6440170115886796,.4524045966960317,.14681955697711954
.6436527923432248,.44992636313036005,.14554402998030352
.64328857309777,.4474481295646884,.1442685029834875
.6429243538523152,.4449698959990167,.1429929759866715
.6425601346068603,.44249166243334503,.14171744898985547
.6421959153614055,.44001342886767336,.14044192199303945
.6418316961159507,.4375351953020017,.13916639499622344
.6414674768704959,.43505696173633,.13789086799940742
.6411032576250411,.43257872817065834,.1366153410025914
.6407390383795862,.43010049460498667,.13533981400577538
.6403748191341314,.427622261039315,.13406428700895937
.6400105998886766,.4251440274736433,.13278876001214335
.6396463806432218,.42266579390797165,.13151323301532733
.639282161397767,.4201875603423,.1302377060185113
.6389179421523121,.4177093267766283,.1289621790216953
.6385537229068573,.41523109321095664,.12768665202487928
.6381895036614025,.41275285964528496,.12641112502806326
.6378252844159477,.4102746260796133,.12513559803124724
.6374610651704928,.4077963925139416,.12386007103443124
.637096845925038,.40531815894826995,.12258454403761523
.6367326266795832,.4028399253825983,.12130901704079923
.6363684074341284,.4003616918169266,.12003349004398323
.6360041881886735,.39788345825125493,.11875796304716722
.6356399689432187,.39540522468558326,.11748243605035122
.6352757496977639,.3929269911199116,.11620690905353522
.6349115304523091,.3904487575542399,.11493138205671921
.6345473112068543,.38797052398856824,.11365585505990321
.6341830919613994,.38549229042289657,.1123803280630872
.6338188727159446,.3830140568572249,.1111048010662712
.6334546534704898,.3805358232915532,.1098292740694552
.633090434225035,.37805758972588155,.10855374707263919
.6327262149795801,.3755793561602099,.10727822007582319
.6323619957341253,.3731011225945382,.10600269307900718
.6319977764886705,.37062288902886653,.10472716608219118
.6316335572432157,.36814465546319486,.10345163908537518
.6312693379977609,.3656664218975232,.10217611208855917
.630905118752306,.3631881883318515,.10090058509174317
.6305408995068512,.36070995476617984,.09962505809492717
.6301766802613964,.35823172120050817,.09834953109811116
.6298124610159416,.3557534876348365,.09707400410129516
.6294482417704867,.3532752540691648,.09579847710447915
.6290840225250319,.35079702050349315,.09452295010766315
.6287198032795771,.3483187869378215,.09324742311084715
.6283555840341223,.3458405533721498,.09197189611403114
.6279913647886675,.34336231980647813,.09069636911721514
.6276271455432126,.34088408624080646,.08942084212039914
.6272629262977578,.3384058526751348,.08814531512358313
.626898707052303,.3359276191094631,.08686978812676713
.6265344878068482,.33344938554379144,.08559426112995112
.6261702685613934,.33097115197811977,.08431873413313512
.6258060493159385,.3284929184124481,.08304320713631912
.6254418300704837,.3260146848467764,.08176768013950311
.6250776108250289,.32353645128110475,.08049215314268711
.6247133915795741,.3210582177154331,.0792166261458711
.6243491723341192,.3185799841497614,.0779410991490551
.6239849530886644,.31610175058408974,.0766655721522391
.6236207338432096,.31362351701841806,.0753900451554231
.6232565145977548,.3111452834527464,.07411451815860709
.6228922953523,.3086670498870747,.07283899116179109
.6225280761068451,.30618881632140305,.07156346416497508
.6221638568613903,.3037105827557314,.07028793716815908
.6217996376159355,.3012323491900597,.06901241017134307
.6214354183704807,.29875411562438803,.06773688317452707
.6210711991250258,.29627588205871636,.06646135617771107
.620706979879571,.2937976484930447,.06518582918089506
.6203427606341162,.291319414927373,.06391030218407906
.6199785413886614,.28884118136170134,.06263477518726306
.6196143221432066,.28636294779602967,.061359248190447045
.6192501028977517,.283884714230358,.060083721193631034
.6188858836522969,.2814064806646863,.058808194196815024
.6185216644068421,.27892824709901465,.05753266719999901
.6181574451613873,.276450013533343,.056257140203183
.6177932259159324,.2739717799676713,.05498161320636699
.6174290066704776,.27149354640199963,.05370608620955098
.6170647874250228,.26901531283632796,.05243055921273497
.616700568179568,.2665370792706563,.05115503221591896
.6163363489341132,.2640588457049846,.04987950521910295
.6159721296886583,.26158061213931294,.04860397822228694
.6156079104432035,.25910237857364127,.04732845122547093
.6152436911977487,.2566241450079696,.046052924228654916
.6148794719522939,.2541459114422979,.044777397231838906
.614515252706839,.25166767787662625,.043501870235022895
.6141510334613842,.24918944431095458,.042226343238206884
.6137868142159294,.2467112107452829,.040950816241390874
.6134225949704746,.24423297717961123,.03967528924457486
.6130583757250198,.24175474361393956,.03839976224775885
.6126941564795649,.2392765100482679,.03712423525094284
.6123299372341101,.23679827648259621,.03584870825412683
.6119657179886553,.23432004291692454,.03457318125731082
.6116014987432005,.23184180935125287,.03329765426049481
.6112372794977456,.2293635757855812,.0320221272636788
.6108730602522908,.22688534221990952,.03074660026686279
.610508841006836,.22440710865423785,.029471073270046784
.6101446217613812,.22192887508856618,.028195546273230777
.6097804025159264,.2194506415228945,.02692001927641477
.6094161832704715,.21697240795722283,.025644492279598762
.6090519640250167,.21449417439155116,.024368965282782755
.6086877447795619,.2120159408258795,.023093438285966748
.6083235255341071,.20953770726020782,.02181791128915074
.6079593062886522,.20705947369453614,.020542384292334733
.6075950870431974,.20458124012886447,.019266857295518726
.6072308677977426,.2021030065631928,.01799133029870272
.6068666485522878,.19962477299752113,.01671580330188671
.606502429306833,.19714653943184945,.015440276305070704
.6061382100613781,.19466830586617778,.014164749308254697
.6057739908159233,.1921900723005061,.01288922231143869
.6054097715704685,.18971183873483444,.011613695314622682
.6050455523250137,.18723360516916276,.010338168317806675
.6046813330795588,.1847553716034911,.009062641320990668
.604317113834104,.18227713803781942,.007787114324174661
.6039528945886492,.17979890447214775,.006511587327358653
.6035886753431944,.17732067090647607,.005236060330542646
.6032244560977396,.1748424373408044,.003960533333726639
.6028602368522847,.17236420377513273,.002685006336910631
.6024960176068299,.16988597020946106,.0014094793400946234
.6021317983613751,.16740773664378938,.00013395234327861572
.6017675791159203,.1649295030781177,-.001141574653537392
.6014033598704654,.16245126951244604,-.0024171016503533997
.6010391406250106,.15997303594677437,-.0036926286471694074
.6006749213795558,.1574948023811027,-.0049681556439854155
.600310702134101,.15501656881543102,-.006243682640801423
.5999464828886462,.15253833524975935,-.00751920963761743
.5995822636431913,.15006010168408768,-.008794736634433437
.5992180443977365,.147581868118416,-.010070263631249445
.5988538251522817,.14510363455274433,-.011345790628065452
.5984896059068269,.14262540098707266,-.012621317624881459
.598125386661372,.140147167421401,-.013896844621697466
.5977611674159172,.13766893385572931,-.015172371618513474
.5973969481704624,.13519070029005764,-.01644789861532948
.5970327289250076,.13271246672438597,-.017723425612145488
.5966685096795528,.1302342331587143,-.018998952608961495
.5963042904340979,.12775599959304262,-.020274479605777503
.5959400711886431,.12527776602737095,-.02155000660259351
.5955758519431883,.12279953246169927,-.022825533599409517
.5952116326977335,.12032129889602758,-.024101060596225524
.5948474134522787,.11784306533035589,-.02537658759304153
.5944831942068238,.1153648317646842,-.02665211458985754
.594118974961369,.11288659819901252,-.027927641586673546
.5937547557159142,.11040836463334083,-.029203168583489553
.5933905364704594,.10793013106766915,-.03047869558030556
.5930263172250045,.10545189750199746,-.03175422257712157
.5926620979795497,.10297366393632577,-.03302974957393758
.5922978787340949,.10049543037065409,-.03430527657075359
.5919336594886401,.0980171968049824,-.035580803567569604
.5915694402431853,.09553896323931071,-.036856330564385614
.5912052209977304,.09306072967363903,-.038131857561201625
.5908410017522756,.09058249610796734,-.039407384558017636
.5904767825068208,.08810426254229566,-.040682911554833646
.590112563261366,.08562602897662397,-.04195843855164966
.5897483440159111,.08314779541095228,-.04323396554846567
.5893841247704563,.0806695618452806,-.04450949254528168
.5890199055250015,.07819132827960891,-.04578501954209769
.5886556862795467,.07571309471393722,-.0470605465389137
.5882914670340919,.07323486114826554,-.04833607353572971
.587927247788637,.07075662758259385,-.04961160053254572
.5875630285431822,.06827839401692216,-.05088712752936173
.5871988092977274,.06580016045125048,-.05216265452617774
.5868345900522726,.06332192688557879,-.053438181522993754
.5864703708068177,.06084369331990711,-.054713708519809764
.5861061515613629,.05836545975423543,-.055989235516625775
.5857419323159081,.05588722618856375,-.057264762513441786
.5853777130704533,.053408992622892074,-.0585402895102578
.5850134938249985,.050930759057220394,-.05981581650707381
.5846492745795436,.048452525491548715,-.06109134350388982
.5842850553340888,.045974291925877035,-.06236687050070583
.583920836088634,.043496058360205356,-.06364239749752183
.5835566168431792,.041017824794533676,-.06491792449433784
.5831923975977243,.038539591228862,-.06619345149115384
.5828281783522695,.03606135766319032,-.06746897848796984
.5824639591068147,.03358312409751864,-.06874450548478585
.5820997398613599,.031104890531846955,-.07002003248160185
.581735520615905,.028626656966175272,-.07129555947841786
.5813713013704502,.02614842340050359,-.07257108647523386
.5810070821249954,.023670189834831906,-.07384661347204986
.5806428628795406,.021191956269160223,-.07512214046886587
.5802786436340858,.01871372270348854,-.07639766746568187
.579914424388631,.016235489137816857,-.07767319446249787
.5795502051431761,.013757255572145176,-.07894872145931388
.5791859858977213,.011279022006473495,-.08022424845612988
.5788217666522665,.008800788440801814,-.08149977545294589
.5784575474068117,.006322554875130133,-.08277530244976189
.5780933281613568,.003844321309458451,-.0840508294465779
.577729108915902,.0013660877437867694,-.0853263564433939
.5773648896704472,-.0011121458218849123,-.0866018834402099
.5770006704249924,-.003590379387556594,-.0878774104370259
.5766364511795375,-.006068612953228275,-.08915293743384191
.5762722319340827,-.008546846518899956,-.09042846443065791
.5759080126886279,-.011025080084571637,-.09170399142747392
.5755437934431731,-.013503313650243319,-.09297951842428992
.5751795741977183,-.015981547215915,-.09425504542110592
.5748153549522634,-.018459780781586683,-.09553057241792193
.5744511357068086,-.020938014347258366,-.09680609941473793
.5740869164613538,-.02341624791293005,-.09808162641155393
.573722697215899,-.02589448147860173,-.09935715340836994
.5733584779704441,-.028372715044273415,-.10063268040518594
.5729942587249893,-.030850948609945097,-.10190820740200195
.5726300394795345,-.03332918217561678,-.10318373439881795
.5722658202340797,-.035807415741288456,-.10445926139563395
.5719016009886249,-.038285649306960136,-.10573478839244996
.57153738174317,-.040763882872631815,-.10701031538926596
.5711731624977152,-.043242116438303495,-.10828584238608197
.5708089432522604,-.045720350003975174,-.10956136938289797
.5704447240068056,-.048198583569646854,-.11083689637971397
.5700805047613507,-.05067681713531853,-.11211242337652998
.5697162855158959,-.05315505070099021,-.11338795037334598
.5693520662704411,-.05563328426666189,-.11466347737016198
.5689878470249863,-.05811151783233357,-.11593900436697799
.5686236277795315,-.06058975139800525,-.11721453136379399
.5682594085340766,-.06306798496367694,-.11849005836061
.5678951892886218,-.06554621852934862,-.119765585357426
.567530970043167,-.06802445209502031,-.121041112354242
.5673638304468959,-.06916170929048349,-.12162644953764445
.566999611201441,-.07161391173847108,-.12290197653446046
.5666353919559862,-.07401405195109047,-.12417750353127646
.5662711727105314,-.07636212992834165,-.12545303052809248
.5659069534650766,-.07865814567022465,-.1267285575249085
.5655427342196218,-.08090209917673945,-.12800408452172451
.5651785149741669,-.08309399044788604,-.12927961151854053
.5648142957287121,-.08523381948366444,-.13055513851535655
.5644500764832573,-.08732158628407465,-.13183066551217257
.5640858572378025,-.08935729084911666,-.13310619250898859
.5637216379923476,-.09134093317879047,-.1343817195058046
.5633574187468928,-.09327251327309607,-.13565724650262062
.562993199501438,-.0951520311320335,-.13693277349943664
.5626289802559832,-.09697948675560271,-.13820830049625266
.5622647610105284,-.09875488014380372,-.13948382749306867
.5619005417650735,-.10047821129663655,-.1407593544898847
.5615363225196187,-.10214948021410117,-.1420348814867007
.5611721032741639,-.10376868689619759,-.14331040848351673
.5608078840287091,-.10533583134292582,-.14458593548033274
.5604436647832542,-.10685091355428585,-.14586146247714876
.5600794455377994,-.10831393353027767,-.14713698947396478
.5597152262923446,-.1097248912709013,-.1484125164707808
.5593510070468898,-.11108378677615674,-.14968804346759682
.558986787801435,-.11239062004604398,-.15096357046441283
.5586225685559801,-.11364539108056303,-.15223909746122885
.5582583493105253,-.11484809987971387,-.15351462445804487
.5578941300650705,-.11599874644349652,-.15479015145486089
.5575299108196157,-.11709733077191097,-.1560656784516769
.5571656915741608,-.11814385286495721,-.15734120544849292
.556801472328706,-.11913831272263527,-.15861673244530894
.5564372530832512,-.12008071034494512,-.15989225944212496
.5560730338377964,-.12097104573188677,-.16116778643894097
.5557088145923416,-.12180931888346024,-.162443313435757
.5553445953468867,-.1225955297996655,-.163718840432573
.5549803761014319,-.12332967848050257,-.16499436742938903
.5546659323019946,-.12392161998392373,-.16609557655045656
.5543017130565397,-.12455875919692025,-.16732373538040032
.5539374938110849,-.12514383617454858,-.16845715787659957
.5535732745656301,-.12567685091680872,-.1694958440390543
.5532090553201753,-.12615780342370064,-.17043979386776453
.5528448360747205,-.12658669369522438,-.17128900736273026
.5524806168292656,-.12696352173137992,-.17204348452395146
.5521163975838108,-.12728828753216725,-.17270322535142818
.551752178338356,-.1275609910975864,-.17326822984516038
.5513879590929012,-.12778163242763735,-.17373849800514807
.5510237398474463,-.12795021152232008,-.17411402983139126
.5506595206019915,-.12806672838163463,-.17439482532388995
.5502953013565367,-.128131183005581,-.17458088448264414
.5499310821110819,-.12814357539415913,-.17467220730765382
.5495668628656271,-.12810390554736908,-.17466879379891898
.5492026436201722,-.12801217346521085,-.17457064395643965
.5488384243747174,-.1278683791476844,-.1743777577802158
.5484742051292626,-.12767252259478976,-.17409013527024744
.5481099858838078,-.12742460380652693,-.1737077764265346
.547745766638353,-.12712462278289588,-.17323068124907723
.5473815473928981,-.12677257952389664,-.17265884973787535
.5470173281474433,-.12636847402952922,-.17199228189292898
.5466531089019885,-.1259123062997936,-.1712309777142381
.5462888896565337,-.12540407633468978,-.1703749372018027
.5459246704110788,-.12484378413421776,-.1694241603556228
.545560451165624,-.12423142969837754,-.1683786471756984
.5451962319201692,-.12356701302716912,-.1672383976620295
.5448320126747144,-.1228505341205925,-.1660034118146161
.5444677934292596,-.12208199297864769,-.16467368963345816
.5441035741838047,-.12126138960133469,-.16324923111855574
.5437393549383499,-.12038872398865348,-.1617300362699088
.5433751356928951,-.11946399614060407,-.16011610508751736
.5430109164474403,-.11848720605718648,-.15840743757138143
.5426466972019854,-.11745835373840068,-.15660403372150097
.5422824779565306,-.11637743918424667,-.154705893537876
.5419182587110758,-.11524446239472448,-.15271301702050655
.541554039465621,-.11405942336983409,-.15062540416939257
.5411898202201662,-.11282232210957549,-.14844305498453408
.5408256009747113,-.1115331586139487,-.1461659694659311
.5404613817292565,-.11019193288295372,-.1437941476135836
.5400971624838017,-.10879864491659053,-.14132758942749163
.5397329432383469,-.10735329471485915,-.13876629490765513
.539368723992892,-.10585588227775956,-.13611026405407411
.5390045047474372,-.10430640760529179,-.1333594968667486
.5386402855019824,-.10270487069745582,-.1305139933456786
.5382760662565276,-.10105127155425164,-.12757375349086406
.5379118470110728,-.09934561017567928,-.12453877730230502
.5375476277656179,-.09758788656173871,-.12140906478000148
.5371834085201631,-.09577810071242994,-.11818461592395343
.5368191892747083,-.09391625262775298,-.11486543073416089
.5364549700292535,-.09200234230770782,-.11145150921062383
.5360907507837986,-.09003636975229445,-.10794285135334226
.5357265315383438,-.0880183349615129,-.1043394571623162
.535362312292889,-.08594823793536314,-.10064132663754562
.5349980930474342,-.0838260786738452,-.09684845977903053
.5346338738019794,-.08165185717695905,-.09296085658677095
.5342696545565245,-.0794255734447047,-.08897851706076686
.5339054353110697,-.07714722747708216,-.08490144120101825
.5335412160656149,-.07481681927409142,-.08072962900752514
.5331769968201601,-.07243434883573248,-.07646308048028753
.5328127775747052,-.06999981616200535,-.07210179561930541
.5324485583292504,-.06751322125291001,-.06764577442457878
.5320843390837956,-.06497456410844647,-.06309501689610765
.5317201198383408,-.06238384472861474,-.05844952303389202
.531355900592886,-.0597410631134148,-.05370929283793188
.5309916813474311,-.05704621926284667,-.04887432630822724
.5306274621019763,-.05429931317691034,-.04394462344477809
.5302632428565215,-.05150034485560582,-.038920184247584436
.5298990236110667,-.04864931429893309,-.03380100871664627
.5295348043656118,-.04574622150689217,-.0285870968519636
.529170585120157,-.04279106647948305,-.023278448653536423
.5288063658747022,-.03978384921670573,-.017875064121364737
.5284421466292474,-.03672456971856022,-.012376943255448547
.5280779273837926,-.033613227985046505,-.006784086055787853
.5277137081383377,-.030449824016164598,-.001096492522382651
.5273494888928829,-.02723435781191449,.004685837344767056
.5269852696474281,-.02396682937229619,.01056290354566127
.5266210504019733,-.020647238697309687,.016534706080299992
.5262568311565184,-.01727558578695499,.02260124494868322
.5258926119110636,-.013851870641232092,.02876252015081095
.5255283926656088,-.010376093260140997,.03501853168668319
.525164173420154,-.006848253643681705,.04136927955629993
.5247999541746992,-.003268351791854215,.047814763759661184
.5244357349292443,.000363612295341472,.05435498429676694
.5240715156837895,.004047638617905357,.060989941167617204
.5237072964383347,.00778372717583744,.06771963437221198
.5233634266104783,.011358855770518456,.07416027522364538
.5230390983896481,.015196160012290369,.08107414804973767
.5227945522180673,.019085526489430477,.08808275720957447
.5226297880957357,.023026955201938783,.09518610270315576
.5225448060226534,.02702044614981529,.10238418453048156
.5225396059988204,.03106599933305999,.10967700269155188
.5226141880242368,.03516361475167289,.1170645571863667
NaN,NaN,NaN
NaN,NaN,NaN
NaN,NaN,NaN
NaN,NaN,NaN
.522633156914757,.03581210314633027,.11823379058339269
