.100272936,202,1,Inf
.20052225,340,200,Inf
.300220046,438,337,Inf
.400820261,517,433,109.1440751576311
.500981412,561,511,102.01712161711467
.600873605,630,554,100.39032534627859
.794073571,680,622,100.39032534627859
.806183128,685,671,98.39840287710857
.904863081,723,675,94.82328246731412
1.001546711,782,712,94.66155268461823
1.101544578,836,770,94.66155268461823
1.200136631,889,823,94.66155268461823
1.30072279,936,875,94.66155268461823
1.400710525,978,921,94.57410153805192
1.502187105,1023,962,94.57410153805192
1.600070092,1065,1006,94.42263941653401
1.711857424,1070,1047,94.2716653342027
1.802097429,1109,1051,94.2716653342027
1.900861577,1146,1089,93.93603508705999
2.002167292,1177,1125,93.93603508705999
2.100153543,1215,1155,93.80913565246517
2.201732832,1253,1191,93.80913565246517
2.30287939,1289,1228,93.80913565246517
2.400639309,1322,1263,93.80913565246517
2.546384935,1334,1295,93.80913565246517
2.600019971,1350,1306,93.80913565246517
2.705027734,1386,1321,93.80913565246517
2.802075121,1421,1356,93.80913565246517
2.900347468,1450,1389,93.80913565246517
3.002433902,1482,1417,93.80913565246517
3.102984282,1510,1448,93.80913565246517
3.201005069,1538,1474,93.53917674401039
3.303443777,1559,1501,93.53917674401039
3.400958632,1584,1521,93.53917674401039
3.501723834,1610,1545,93.49357798639225
3.705345875,1626,1570,93.49357798639225
3.710707423,1628,1585,93.49357798639225
3.804035853,1652,1586,93.49357798639225
3.911099788,1682,1609,93.49357798639225
4.006969894,1689,1638,93.47527435022747
4.103429627,1711,1644,93.47527435022747
4.206754289,1734,1664,93.47527435022747
4.301344485,1760,1686,93.47527435022747
4.402819398,1787,1711,93.47527435022747
4.500234461,1809,1737,93.47527435022747
4.602378015,1838,1758,93.47527435022747
4.70320275,1865,1786,93.47527435022747
4.800238439,1889,1812,93.47527435022747
4.903558169,1911,1835,93.47527435022747
5.066966203,1917,1856,93.47527435022747
5.100488755,1925,1861,93.47527435022747
5.204485985,1947,1868,93.47527435022747
5.300972923,1975,1889,93.47527435022747
5.400742331,1995,1916,93.47527435022747
5.502309082,2017,1935,93.47527435022747
5.636722461,2025,1956,93.47527435022747
5.70462236,2042,1963,93.47527435022747
5.800006702,2063,1978,93.47527435022747
5.903217424,2089,1998,93.23869532702003
6.033728825,2097,2022,93.23869532702003
6.101549866,2111,2029,93.23869532702003
6.202222943,2132,2042,93.23869532702003
6.3028065,2152,2061,93.23869532702003
6.409745616,2172,2080,93.23869532702003
6.500160477,2192,2099,93.23869532702003
6.604713478,2217,2118,93.23869532702003
6.703638426,2237,2141,93.23869532702003
6.803155969,2258,2160,93.23322876167299
6.963707404,2262,2180,93.23322876167299
7.003299322,2270,2183,93.23322876167299
7.106416573,2286,2190,93.23322876167299
7.200440664,2307,2205,93.23322876167299
7.317905641,2311,2223,93.23322876167299
7.400905692,2326,2226,93.23322876167299
7.501907103,2347,2240,93.23322876167299
7.602126546,2367,2260,93.23322876167299
7.703242887,2387,2279,93.23322876167299
7.802444466,2406,2298,93.23322876167299
7.900136169,2425,2316,93.23322876167299
8.006044813,2440,2334,93.23322876167299
8.183814988,2447,2348,93.11507774258155
8.200007343,2451,2354,93.11507774258155
8.303276664,2470,2357,93.11507774258155
8.401203697,2486,2375,93.11507774258155
8.50499175,2504,2390,93.11507774258155
8.609140638,2521,2407,93.06834135117833
8.700059776,2539,2423,93.06834135117833
8.945606893,2557,2440,93.06834135117833
8.955428011,2559,2457,93.06834135117833
9.001295084,2568,2458,93.06834135117833
9.124615646,2573,2466,92.64943524100138
9.207065276,2588,2470,92.64943524100138
9.301172345,2607,2484,92.64943524100138
9.406116898,2627,2502,92.64943524100138
9.500427493,2640,2521,92.64943524100138
9.605703383,2658,2533,92.64943524100138
9.702369106,2676,2550,92.64943524100138
9.810969127,2694,2567,92.64943524100138
9.901623627,2707,2584,92.64943524100138
10.035732374,2722,2596,92.64943524100138
10.105451771,2734,2610,92.64943524100138
10.200847743,2747,2621,92.64943524100138
10.301201002,2763,2633,92.64943524100138
10.404929739,2779,2648,92.64943524100138
10.502956454,2795,2663,92.64943524100138
10.742891812,2798,2678,92.64943524100138
10.750701138,2800,2680,92.64943524100138
10.803689479,2810,2681,92.64943524100138
10.939773099,2813,2690,92.64943524100138
11.002756923,2823,2692,92.64943524100138
11.111719026,2842,2701,92.64943524100138
11.200507249,2855,2719,92.64943524100138
11.306193399,2870,2731,92.64943524100138
11.406761164,2885,2745,92.64943524100138
11.504641359,2902,2759,92.64943524100138
11.60616266,2917,2774,92.64943524100138
11.705465177,2934,2788,92.64943524100138
11.803339352,2949,2804,92.64943524100138
11.905542559,2964,2818,92.64943524100138
12.009551589,2979,2831,92.64943524100138
12.105485672,2993,2845,92.64943524100138
12.202974544,3004,2858,92.64943524100138
12.305200182,3019,2868,92.62366295335721
12.403757913,3033,2882,92.62366295335721
12.50667356,3046,2895,92.62366295335721
12.840108809,3055,2907,92.62366295335721
12.846834256,3057,2915,92.62366295335721
12.854130831,3059,2916,92.62366295335721
12.926750229,3065,2917,92.62366295335721
13.001522483,3072,2922,92.4699310213962
13.199853351,3080,2928,92.4699310213962
13.204145171,3082,2935,92.4699310213962
13.30241819,3097,2936,92.4699310213962
13.400171031,3112,2950,92.4699310213962
13.504090618,3127,2963,92.4699310213962
13.601480057,3139,2977,92.4699310213962
13.701587116,3154,2988,92.4699310213962
13.800877016,3167,3002,92.4699310213962
14.078893936,3179,3014,92.4699310213962
14.090245498,3181,3025,92.4699310213962
14.105896471,3184,3026,92.4699310213962
14.204129882,3199,3028,92.4699310213962
14.301714167,3213,3042,92.4699310213962
14.410891615,3222,3055,92.4699310213962
14.500479409,3236,3063,92.4699310213962
14.606208985,3254,3076,92.4699310213962
14.707942443,3268,3092,92.4699310213962
14.802736482,3281,3105,92.4699310213962
14.901340556,3288,3116,92.4699310213962
15.153697789,3295,3122,92.4699310213962
15.161962021,3297,3128,92.4699310213962
15.201690349,3304,3129,92.4699310213962
15.387531701,3310,3135,92.4699310213962
15.401647038,3314,3140,92.4699310213962
15.626163089,3324,3142,92.4699310213962
15.635455764,3326,3150,92.4699310213962
15.707259458,3335,3151,92.4699310213962
15.804176963,3346,3159,92.4699310213962
15.905926646,3360,3169,92.4699310213962
16.009263529,3374,3182,92.4699310213962
16.104388158,3386,3195,92.4699310213962
16.2167017,3400,3205,92.4699310213962
16.303294339,3412,3218,92.4699310213962
16.408248585,3425,3229,92.4699310213962
16.501173171,3438,3240,92.4699310213962
16.600128532,3454,3251,92.4699310213962
16.847491972,3457,3266,92.4699310213962
16.856604587,3459,3268,92.4699310213962
16.902202284,3465,3269,92.4699310213962
17.097930645,3470,3274,92.4699310213962
17.109708803,3472,3278,92.4699310213962
17.200826374,3486,3279,92.4699310213962
17.304366913,3494,3292,92.4699310213962
17.402656322,3509,3299,92.4699310213962
17.507389357,3524,3312,92.4699310213962
17.601037044,3535,3326,92.4699310213962
17.704425569,3550,3335,92.44648593130864
17.802926873,3564,3348,92.44648593130864
17.907577628,3580,3361,92.44648593130864
18.001174034,3594,3376,92.44648593130864
18.119007945,3607,3389,92.44648593130864
18.205677513,3616,3401,92.44648593130864
18.302417223,3630,3409,92.44648593130864
18.404056169,3636,3422,92.44648593130864
18.500098206,3649,3427,92.3892577691879
18.603598908,3661,3439,92.3892577691879
18.700621243,3671,3450,92.3892577691879
18.80372643,3684,3459,92.3892577691879
18.910663038,3696,3470,92.3892577691879
19.009593893,3706,3481,92.3892577691879
19.108328377,3720,3490,92.3892577691879
19.209740434,3730,3503,92.3892577691879
19.567091358,3732,3512,92.3892577691879
19.576624901,3734,3513,92.3892577691879
19.5897878,3736,3514,92.3892577691879
19.60294309,3738,3515,92.3892577691879
19.703949286,3753,3516,92.3892577691879
19.805057977,3765,3530,92.3892577691879
19.902897951,3779,3541,92.3892577691879
20.002407415,3791,3554,92.3892577691879
20.103633574,3803,3565,92.3892577691879
20.206504805,3815,3576,92.3892577691879
20.305264974,3825,3587,92.3892577691879
20.400441112,3837,3596,92.3892577691879
20.576237679,3849,3607,92.3892577691879
20.607703595,3854,3618,92.3892577691879
20.707516168,3864,3622,92.3892577691879
20.80721526,3877,3631,92.3892577691879
20.902812953,3885,3643,92.3892577691879
21.004201547,3897,3650,92.3892577691879
21.100214507,3908,3661,92.3892577691879
21.200949518,3922,3671,92.3892577691879
21.320192209,3932,3684,92.3892577691879
21.402517145,3942,3693,92.35586188111523
21.509756344,3951,3702,92.35586188111523
21.884279214,3955,3710,92.35586188111523
21.889297592,3957,3713,92.35586188111523
21.903256448,3959,3714,92.35586188111523
21.908423944,3961,3715,92.35586188111523
22.013505141,3974,3716,92.35586188111523
22.104279781,3984,3728,92.35586188111523
22.205984145,3995,3737,92.35586188111523
22.308077616,4006,3747,92.11895713696524
22.407137304,4018,3757,92.11895713696524
22.502522222,4023,3768,92.11895713696524
22.606493306,4036,3772,92.11895713696524
22.701630816,4045,3784,92.11895713696524
22.80417898,4056,3792,92.11895713696524
22.906178073,4064,3802,92.11895713696524
23.005334228,4078,3809,92.11895713696524
23.108295956,4090,3821,92.11895713696524
23.466730259,4098,3832,92.11895713696524
23.480395104,4100,3838,92.11895713696524
23.495078914,4102,3839,92.11895713696524
23.508032688,4104,3840,92.11895713696524
23.605589446,4117,3841,92.11895713696524
23.711244941,4130,3853,92.11895713696524
23.809320987,4141,3865,92.11895713696524
23.917000174,4151,3875,92.11895713696524
24.00735383,4161,3884,92.11895713696524
24.100504025,4173,3893,92.11895713696524
24.464920358,4185,3903,92.11895713696524
24.47508624,4187,3914,92.11895713696524
24.485541838,4189,3915,92.11895713696524
24.50912264,4192,3916,92.11895713696524
24.608341639,4202,3918,92.11895713696524
24.704648153,4215,3927,92.11895713696524
24.822590707,4224,3938,92.11895713696524
24.906092914,4233,3946,92.11895713696524
25.007213017,4244,3954,92.11895713696524
25.104423012,4256,3964,92.11895713696524
25.200076703,4268,3975,92.11895713696524
25.305964499,4281,3986,92.11895713696524
25.40428563,4293,3998,92.11895713696524
25.505886964,4305,4008,92.11895713696524
25.601814556,4310,4019,92.11895713696524
25.734944844,4320,4022,92.11895713696524
25.807659452,4328,4031,92.11895713696524
25.905934109,4338,4038,92.11895713696524
26.002375565,4347,4047,92.11895713696524
26.444012415,4359,4054,92.11895713696524
26.454688776,4361,4065,92.11895713696524
26.469329868,4363,4066,92.11895713696524
26.480318616,4365,4067,92.11895713696524
26.505776959,4369,4068,92.11895713696524
26.6047728,4380,4070,92.11895713696524
26.708716593,4389,4080,92.11895713696524
26.803112011,4401,4088,92.09867417766628
26.908422034,4412,4098,92.09867417766628
27.003167687,4422,4108,92.09867417766628
27.103867908,4432,4117,92.09867417766628
27.20137125,4444,4126,92.09867417766628
27.52484789,4447,4137,92.09867417766628
27.545388141,4449,4139,92.09867417766628
27.554160023,4451,4140,92.09867417766628
27.608084703,4456,4141,92.09867417766628
27.713899114,4466,4145,92.09867417766628
27.804363869,4476,4154,92.09867417766628
28.154802451,4486,4163,92.09867417766628
28.171210548,4488,4172,92.09867417766628
28.178124205,4490,4173,92.09867417766628
28.201525723,4494,4174,92.09867417766628
28.305003771,4506,4177,92.09867417766628
28.406299723,4516,4188,92.09867417766628
28.504885704,4526,4197,92.09867417766628
28.606460324,4532,4206,92.09867417766628
28.706342775,4543,4211,92.09867417766628
28.809975565,4555,4221,92.09867417766628
28.912073632,4565,4232,92.09867417766628
29.003495728,4575,4241,92.09867417766628
29.119032723,4583,4250,92.09867417766628
29.536510163,4592,4257,92.09867417766628
29.545724458,4594,4265,92.09867417766628
29.55777905,4596,4266,92.09867417766628
29.567946337,4598,4267,92.09867417766628
29.606828761,4604,4268,92.09867417766628
29.961833131,4613,4273,92.09867417766628
29.973507164,4615,4281,92.09867417766628
29.985796983,4617,4282,92.09867417766628
30.004883174,4620,4283,92.09867417766628
30.108323871,4630,4285,92.09867417766628
30.204620512,4641,4294,92.09867417766628
30.569391285,4651,4304,92.09867417766628
30.582596915,4653,4313,92.09867417766628
30.587159756,4655,4314,92.09867417766628
30.609269185,4658,4315,92.09867417766628
30.706859525,4669,4317,92.09867417766628
30.807923889,4679,4327,92.09867417766628
30.900884014,4687,4336,92.09867417766628
31.009148836,4695,4343,92.09867417766628
31.108488503,4707,4350,92.09867417766628
31.205237123,4717,4361,92.09867417766628
31.614935784,4727,4370,92.09867417766628
31.626871638,4729,4379,92.09867417766628
31.638627021,4731,4380,92.09867417766628
31.650826437,4733,4381,92.09867417766628
31.707612261,4739,4382,92.09867417766628
32.04402321,4746,4387,92.09867417766628
32.055285189,4748,4393,92.09867417766628
32.068025921,4750,4394,92.09867417766628
32.107205298,4755,4395,92.09867417766628
32.200025341,4763,4399,92.09867417766628
32.301651305,4773,4406,92.09867417766628
32.438631022,4782,4415,92.09867417766628
32.501910113,4790,4423,91.98801532776932
32.869774658,4798,4430,91.98801532776932
32.895214441,4800,4437,91.98801532776932
32.906578827,4802,4438,91.88205776939648
32.914600234,4804,4439,91.88205776939648
33.004690707,4813,4440,91.88205776939648
33.110264488,4822,4448,91.88205776939648
33.201138777,4832,4456,91.88205776939648
33.308984421,4840,4465,91.88205776939648
33.40306367,4849,4472,91.88205776939648
33.755512665,4855,4480,91.88205776939648
33.762749095,4857,4484,91.88205776939648
33.774835026,4859,4485,91.88205776939648
33.823590805,4863,4486,91.88205776939648
34.029077022,4868,4489,91.88205776939648
34.043013075,4870,4493,91.88205776939648
34.106991259,4877,4494,91.88205776939648
34.206982508,4887,4500,91.88205776939648
34.302227828,4897,4509,91.88205776939648
34.589121903,4900,4518,91.88205776939648
34.604560857,4902,4520,91.88205776939648
34.617270547,4904,4521,91.88205776939648
34.706968417,4911,4522,91.88205776939648
34.818362844,4920,4528,91.88205776939648
34.906981677,4929,4536,91.88205776939648
35.000517724,4940,4544,91.88205776939648
35.4430681,4951,4554,91.88205776939648
35.455025488,4953,4564,91.88205776939648
35.468072028,4955,4565,91.88205776939648
35.492688742,4957,4566,91.88205776939648
35.502604919,4959,4567,91.88205776939648
35.608139781,4970,4568,91.88205776939648
35.722517356,4975,4578,91.88205776939648
35.80200912,4983,4582,91.88205776939648
35.905438645,4994,4589,91.88205776939648
36.316567098,5004,4599,91.88205776939648
36.328213337,5006,4608,91.88205776939648
36.340302525,5008,4609,91.88205776939648
36.35178112,5010,4610,91.88205776939648
36.406145017,5016,4611,91.88205776939648
36.509815999,5022,4616,91.88205776939648
36.822413494,5024,4621,91.88205776939648
36.838296589,5026,4622,91.88205776939648
36.851354089,5028,4623,91.88205776939648
36.912858913,5034,4624,91.88205776939648
37.011537499,5041,4629,91.88205776939648
37.111475659,5051,4635,91.88205776939648
37.200708715,5062,4644,91.88205776939648
37.300474755,5073,4654,91.88205776939648
37.41304566,5081,4664,91.88205776939648
37.50717222,5090,4671,91.88205776939648
37.613665586,5099,4679,91.88205776939648
37.71047142,5109,4687,91.88205776939648
37.814196379,5116,4696,91.88205776939648
37.909423591,5126,4702,91.88205776939648
38.009156784,5134,4711,91.88205776939648
38.114527238,5137,4718,91.88205776939648
38.201766446,5141,4720,91.87344600215499
38.30704658,5150,4723,91.87344600215499
38.401112204,5157,4731,91.87344600215499
38.505590696,5167,4737,91.87344600215499
38.934070274,5169,4746,91.87344600215499
38.951168731,5171,4747,91.87344600215499
38.966783307,5173,4748,91.87344600215499
38.979051542,5175,4749,91.87344600215499
39.32757563,5179,4750,91.87344600215499
39.334608305,5181,4753,91.87344600215499
39.341807381,5183,4754,91.87344600215499
39.353655917,5185,4755,91.87344600215499
39.406570667,5191,4756,91.87344600215499
39.508186671,5194,4761,91.87344600215499
39.60156975,5204,4763,91.87344600215499
39.703902843,5214,4771,91.87344600215499
39.8042184,5225,4780,91.87344600215499
39.900567342,5234,4790,91.87344600215499
40.009096276,5244,4798,91.87344600215499
40.103278366,5254,4807,91.87344600215499
40.220416115,5264,4816,91.87344600215499
40.307051963,5273,4825,91.87344600215499
40.403789342,5281,4833,91.87344600215499
40.556837131,5290,4840,91.87344600215499
40.612925164,5295,4848,91.87344600215499
40.700784525,5303,4852,91.87344600215499
41.162942769,5308,4859,91.87344600215499
41.174433147,5310,4863,91.87344600215499
41.193688818,5312,4864,91.87344600215499
41.206907412,5314,4865,91.87344600215499
41.221438489,5316,4866,91.87344600215499
41.568258046,5319,4867,91.87344600215499
41.576747305,5321,4869,91.87344600215499
41.589968344,5323,4870,91.87344600215499
41.606592463,5325,4871,91.87344600215499
41.707163644,5333,4872,91.87344600215499
41.812067683,5343,4879,91.87344600215499
41.905849864,5351,4888,91.87344600215499
42.046266451,5362,4895,91.87344600215499
42.107589382,5369,4904,91.87344600215499
42.206287342,5380,4910,91.87344600215499
42.390993853,5386,4920,91.87344600215499
42.410197097,5389,4925,91.87344600215499
42.51073046,5396,4927,91.87344600215499
42.602346685,5405,4933,91.87344600215499
42.755998629,5413,4941,91.87344600215499
42.804188303,5418,4948,91.87344600215499
42.90208532,5429,4952,91.87344600215499
43.002862445,5438,4961,91.87344600215499
43.495499063,5445,4969,91.87344600215499
43.520959786,5447,4975,91.87344600215499
43.540998,5449,4976,91.87344600215499
43.546400905,5451,4977,91.87344600215499
43.560744342,5453,4978,91.87344600215499
43.619626752,5458,4979,91.87344600215499
43.708376138,5466,4983,91.87344600215499
43.801707465,5474,4990,91.87344600215499
43.902854996,5482,4997,91.87344600215499
44.063086613,5486,5004,91.87344600215499
44.106280112,5491,5007,91.87344600215499
44.204262842,5499,5011,91.87344600215499
44.305358669,5509,5018,91.87344600215499
44.408735777,5516,5027,91.87344600215499
44.505710353,5524,5033,91.87344600215499
44.606421437,5533,5040,91.87344600215499
44.733127591,5542,5048,91.83936139205335
45.032930247,5548,5056,91.83936139205335
45.045205023,5550,5061,91.83936139205335
45.055742703,5552,5062,91.83936139205335
45.100747092,5557,5063,91.83936139205335
45.213041158,5563,5067,91.83936139205335
45.721041577,5572,5072,91.83936139205335
45.740139502,5574,5079,91.83936139205335
45.748378278,5576,5080,91.83936139205335
45.760932424,5578,5081,91.83936139205335
45.771808977,5580,5082,91.83936139205335
45.800263713,5583,5083,91.83936139205335
46.119123046,5591,5085,91.83936139205335
46.129208169,5593,5092,91.83936139205335
46.143144927,5595,5093,91.83936139205335
46.231210213,5597,5094,91.83936139205335
46.301519556,5604,5095,91.83936139205335
46.406375017,5611,5101,91.83936139205335
46.511482641,5621,5107,91.83936139205335
46.603267369,5629,5116,91.83936139205335
46.70079604,5637,5123,91.83936139205335
46.870602582,5646,5130,91.83936139205335
46.917506654,5650,5138,91.83936139205335
47.336179644,5652,5141,91.83936139205335
47.351192353,5654,5142,91.83936139205335
47.369216887,5656,5143,91.83936139205335
47.381206372,5658,5144,91.83936139205335
47.401427028,5660,5145,91.83936139205335
47.500528957,5670,5146,91.83936139205335
47.602176452,5678,5155,91.83936139205335
48.049883816,5684,5162,91.78281011989068
48.060809613,5686,5167,91.78281011989068
48.073506692,5688,5168,91.78281011989068
48.088177753,5690,5169,91.78281011989068
48.106035994,5693,5170,91.78281011989068
48.258432153,5698,5172,91.78281011989068
48.303859561,5702,5176,91.78281011989068
48.687484433,5704,5179,91.78281011989068
48.70372917,5706,5180,91.78281011989068
48.721480989,5708,5181,91.78281011989068
48.73500327,5710,5182,91.78281011989068
48.801365109,5716,5183,91.78281011989068
49.215992035,5720,5188,91.78281011989068
49.229278385,5722,5191,91.78281011989068
49.236929084,5724,5192,91.78281011989068
49.253624293,5726,5193,91.78281011989068
49.307991975,5730,5194,91.78281011989068
49.748490756,5737,5197,91.78281011989068
49.760653049,5739,5203,91.78281011989068
49.773352734,5741,5204,91.78281011989068
49.781393318,5743,5205,91.78281011989068
49.810967231,5746,5206,91.78281011989068
49.906025171,5755,5208,91.78281011989068
50.005259944,5764,5215,91.78281011989068
50.159616638,5774,5222,91.78281011989068
50.204032701,5778,5231,91.78281011989068
50.305597286,5788,5234,91.78281011989068
50.403718883,5796,5243,91.78281011989068
50.53088201,5804,5250,91.78281011989068
50.606119921,5811,5257,91.78281011989068
50.705654171,5820,5263,91.78281011989068
50.811985704,5830,5271,91.78281011989068
50.939542731,5839,5280,91.78281011989068
51.00881311,5846,5288,91.78281011989068
51.104658995,5855,5294,91.78281011989068
51.206867153,5864,5302,91.78281011989068
51.310999328,5871,5310,91.78281011989068
51.407525777,5877,5316,91.78281011989068
51.501734816,5885,5321,91.78281011989068
52.023746152,5888,5328,91.78281011989068
52.041066315,5890,5330,91.78281011989068
52.058136362,5892,5331,91.78281011989068
52.070868804,5894,5332,91.78281011989068
52.081294078,5896,5333,91.78281011989068
52.10424489,5899,5334,91.78281011989068
52.204741854,5906,5336,91.78281011989068
52.309597254,5912,5342,91.78281011989068
52.404788339,5919,5347,91.78281011989068
52.503832001,5927,5353,91.78281011989068
52.674006225,5935,5359,91.78281011989068
52.702912166,5938,5366,91.78281011989068
52.820392929,5946,5368,91.78281011989068
52.927682133,5949,5375,91.78281011989068
53.011752613,5953,5377,91.7637772412227
53.102603801,5959,5380,91.7637772412227
53.202022946,5968,5385,91.7637772412227
53.304779557,5972,5393,91.7637772412227
53.403254216,5980,5396,91.7637772412227
53.512410112,5988,5403,91.7637772412227
53.607160522,5996,5410,91.7637772412227
54.40307597,5999,5417,91.7637772412227
54.414646964,6001,5419,91.69113850186469
54.433658725,6003,5420,91.69113850186469
54.443536462,6005,5421,91.69113850186469
54.453394829,6007,5422,91.69113850186469
54.461742302,6009,5423,91.69113850186469
54.48128818,6011,5424,91.69113850186469
54.49748358,6013,5425,91.69113850186469
54.512795334,6015,5426,91.69113850186469
54.614465155,6024,5427,91.69113850186469
54.70608739,6029,5435,91.69113850186469
54.805554497,6037,5439,91.69113850186469
54.927237907,6044,5446,91.69113850186469
55.008675729,6050,5452,91.69113850186469
55.123972058,6058,5457,91.69113850186469
55.20136396,6066,5464,91.69113850186469
55.315387677,6075,5471,91.69113850186469
55.926823838,6080,5479,91.69113850186469
55.946806072,6082,5483,91.69113850186469
55.966484212,6084,5484,91.69113850186469
55.991755912,6086,5485,91.69113850186469
56.011435972,6088,5486,91.69113850186469
56.029419504,6090,5487,91.69113850186469
56.04128686,6092,5488,91.69113850186469
56.526531663,6097,5489,91.69113850186469
56.532403374,6099,5493,91.69113850186469
56.548132029,6101,5494,91.69113850186469
56.627815025,6103,5495,91.69113850186469
56.643363437,6105,5496,91.69113850186469
56.657122297,6107,5497,91.69113850186469
56.700744721,6112,5498,91.69113850186469
56.853051586,6122,5502,91.69113850186469
56.904377012,6127,5511,91.69113850186469
57.000611566,6135,5515,91.69113850186469
57.100916773,6144,5522,91.69113850186469
57.205257203,6151,5530,91.69113850186469
57.300511329,6159,5536,91.69113850186469
57.734403014,6162,5543,91.69113850186469
57.761503103,6164,5545,91.69113850186469
57.787508258,6166,5546,91.69113850186469
57.796929863,6168,5547,91.69113850186469
57.808592203,6170,5548,91.69113850186469
58.030588193,6174,5549,91.69113850186469
58.04315565,6176,5552,91.69113850186469
58.53932913,6180,5553,91.69113850186469
58.545189968,6182,5556,91.69113850186469
58.559434087,6184,5557,91.69113850186469
58.564000647,6186,5558,91.69113850186469
58.580483392,6188,5559,91.69113850186469
58.611430411,6191,5560,91.69113850186469
58.734955138,6200,5562,91.69113850186469
58.818987967,6207,5570,91.69113850186469
58.905695847,6214,5576,91.69113850186469
59.42609858,6221,5582,91.69113850186469
59.435782927,6223,5588,91.69113850186469
59.445795112,6225,5589,91.69113850186469
59.459739184,6227,5590,91.69113850186469
59.467368095,6229,5591,91.69113850186469
59.511095711,6233,5592,91.69113850186469
59.606307036,6241,5595,91.69113850186469
59.7009394,6249,5602,91.69113850186469
59.800505056,6257,5609,91.69113850186469
59.901216167,6265,5616,91.69113850186469
60.018098096,6274,5623,91.69113850186469
60.107632986,6279,5631,91.66090969415504
