5
5
-17.580645, 19.853801
-20.483871, -16.578947
27.258065, -17.807018
25.967742, 17.807018
-18.548387, 20.672515
16.648885
11
-45.290323, 40.853801, -9.404007
-47.548387, -3.356725, -6.745081
49.225806, -3.356725, -0.932428
48.258065, 41.263158, 1.748254
-45.612903, 41.672515, 7.386581
-46.258065, -50.842105, 12.943522
48.580645, -51.660819, 18.640134
48.903226, 40.444444, 24.172386
-44.967742, 40.035088, 29.810713
-46.258065, -0.081871, 32.221548
0.000000, 0.000000, 35.000000
5
-42.419355, -39.912281
-41.451613, -44.005848
-34.354839, -41.549708
-36.290323, -33.771930
-41.774194, -32.134503
8.576131
10
6.516129, 52.807018, -51.841000
8.451613, 18.011696, -47.777499
82.322581, 57.309942, -38.020931
82.000000, 15.146199, -33.104381
-1.870968, 78.187135, -20.870264
-1.870968, -2.456140, -11.467040
83.935484, -2.046784, -1.461662
-1.548387, 76.959064, 12.111120
82.645161, 75.730994, 21.929360
0.000000, 0.000000, 35.000000
5
39.193548, -33.362573
35.967742, -39.912281
41.451613, -42.368421
44.032258, -35.409357
42.419355, -31.315789
16.705928
16
-50.774194, 67.789474, -5.913747
-29.483871, 12.935673, -2.391608
-4.967742, 48.549708, 0.196489
-57.870968, 8.023392, 4.185602
-84.645161, 17.847953, 5.892769
-74.322581, 39.134503, 7.308877
-70.451613, 71.883041, 9.282819
-0.774194, 87.847953, 13.561720
-1.741935, 27.263158, 17.188727
-62.709677, 23.988304, 20.843456
-54.000000, 47.321637, 22.334297
-33.032258, 59.192982, 23.776607
-19.483871, 44.046784, 24.993035
-44.967742, 16.619883, 27.234083
-66.903226, 54.280702, 29.842935
0.000000, 0.000000, 35.000000
4
-37.258065, 35.409357
-34.354839, 23.538012
-27.258065, 30.087719
-30.483871, 36.228070
16.571669
16
71.209677, -49.941520, -1.018673
73.790323, 4.912281, 2.295083
31.854839, -30.292398, 5.599130
19.596774, 3.274854, 7.755547
48.951613, 2.865497, 9.527106
34.112903, -31.929825, 11.809753
71.209677, -5.321637, 14.564615
72.500000, -38.888889, 16.591692
34.112903, -31.929825, 18.945877
44.112903, -74.093567, 21.560784
15.403226, -72.865497, 23.294824
31.532258, -29.064327, 26.111463
5.080645, -60.584795, 28.594548
3.467742, -31.111111, 30.375767
33.145161, -33.157895, 32.170874
0.000000, 0.000000, 35.000000
5
33.709677, 38.274854
30.483871, 28.450292
37.258065, 26.403509
40.483871, 32.134503
37.258065, 39.912281
11.853756
11
-43.741935, -3.356725, 6.273799
-74.709677, -11.953216, 8.985072
-75.354839, -29.555556, 10.471028
-32.451613, -26.690058, 14.098470
-34.709677, -76.631579, 18.315913
-40.838710, -77.040936, 18.834119
-39.870968, 2.783626, 25.568729
-35.032258, 6.467836, 26.081786
-35.032258, -32.011696, 29.327975
1.741935, -30.374269, 32.433373
0.000000, 0.000000, 35.000000
