35
4
-11.278802, -35.219298
20.403226, -22.353801
8.490783, -8.845029
-9.758065, -18.172515
0
4
19.135945, -12.061404
29.781106, -10.453216
30.794931, -1.769006
22.177419, -4.985380
0
4
-20.910138, -16.885965
-18.629032, -9.809942
-24.711982, -9.488304
-24.965438, -21.710526
0
4
-29.781106, -35.862573
-21.670507, -29.108187
-21.670507, -38.114035
-29.274194, -43.260234
0
4
-29.020737, -2.412281
-6.209677, 8.201754
-18.375576, 13.669591
-27.246544, 4.020468
0
4
-6.970046, -4.663743
1.140553, -6.593567
5.956221, 3.698830
-4.942396, -2.412281
0
4
3.928571, 11.096491
18.375576, 28.464912
11.278802, 33.932749
3.928571, 18.172515
0
4
-37.891705, 12.383041
-31.301843, -16.564327
-38.398618, -17.850877
-39.919355, 10.774854
0
4
-43.467742, 21.710526
-12.799539, 31.038012
-8.237327, 42.616959
-37.131336, 27.821637
0
4
37.638249, 22.997076
20.403226, 11.418129
18.629032, -0.160819
33.836406, 12.704678
0
4
-2.154378, 15.599415
-0.887097, 21.710526
-3.421659, 21.388889
-4.942396, 16.242690
0
4
-12.039171, 22.353801
-6.463134, 23.961988
-7.983871, 25.891813
-11.278802, 23.961988
0
4
-0.126728, 32.002924
4.688940, 34.897661
3.168203, 30.394737
-0.887097, 33.289474
0
4
-29.274194, 13.669591
-26.486175, 17.207602
-30.034562, 16.885965
-31.808756, 14.956140
0
4
-12.292627, -11.739766
-12.546083, -13.991228
-14.320276, -15.277778
-14.573733, -11.739766
0
4
-31.301843, -24.926901
-29.527650, -27.500000
-34.089862, -29.108187
-36.117512, -26.213450
0
4
-40.426267, -38.114035
-36.117512, -38.435673
-35.610599, -43.903509
-45.748848, -47.441520
0
4
20.149770, -32.324561
30.288018, -35.540936
36.877880, -29.751462
34.850230, -22.353801
0
4
25.472350, -40.365497
35.610599, -42.938596
33.836406, -46.476608
20.403226, -44.546784
0
4
4.942396, -35.219298
15.587558, -36.184211
12.546083, -45.833333
6.209677, -44.225146
0
4
-14.573733, -43.260234
-2.914747, -38.435673
-5.449309, -47.763158
-16.347926, -44.225146
0
4
43.974654, -6.915205
29.274194, -16.885965
40.933180, -15.599415
42.200461, -12.383041
0
4
42.707373, -25.248538
44.988479, -34.254386
40.426267, -37.149123
40.426267, -30.073099
0
4
43.467742, -46.798246
46.762673, -38.114035
48.283410, -43.903509
45.241935, -47.763158
0
4
40.679724, 4.663743
46.255760, 13.669591
40.172811, 10.131579
36.624424, -3.055556
0
4
37.131336, 42.616959
44.988479, 42.295322
44.735023, 29.751462
34.596774, 34.254386
0
4
23.951613, 22.675439
26.486175, 37.149123
22.684332, 28.786550
22.430876, 21.067251
0
4
16.347926, 40.365497
24.965438, 45.190058
18.629032, 46.476608
14.320276, 41.652047
0
4
-21.417051, 46.154971
-26.232719, 41.652047
-22.177419, 40.687135
-18.882488, 45.190058
0
4
-44.735023, 35.219298
-37.384793, 36.505848
-39.665899, 30.716374
-43.721198, 31.359649
0
4
10.771889, 9.166667
15.080645, 7.558480
13.813364, 3.055556
9.758065, 8.845029
0
4
-14.320276, -4.342105
-10.771889, -0.804094
-12.292627, 1.769006
-16.094470, -2.412281
0
4
-44.228111, -17.529240
-44.228111, -23.318713
-46.762673, -20.423977
-45.748848, -14.312865
0
4
-42.707373, -1.125731
-45.241935, -1.125731
-45.748848, 2.733918
-43.467742, 2.412281
0
4
0.126728, 45.190058
0.633641, 41.008772
5.449309, 42.295322
8.997696, 46.476608
0
