11
5
-44.032258, 46.871345
-45.967742, 42.368421
-42.096774, 40.730994
-39.193548, 44.415205
-40.806452, 46.871345
15.147237
3
0.000000, 0.573099, 23.308909
0.000000, -88.257310, 29.173372
0.000000, 0.000000, 35.000000
5
-29.838710, 46.052632
-33.064516, 45.643275
-33.709677, 41.959064
-27.258065, 40.321637
-27.580645, 44.005848
16.057919
3
0.129032, -0.000000, 24.038213
0.129032, -88.011696, 29.519104
0.000000, 0.000000, 35.000000
5
-18.548387, 45.643275
-20.806452, 42.777778
-16.612903, 39.502924
-13.064516, 41.549708
-15.645161, 44.824561
8.269868
3
-0.000000, -0.081871, 13.903190
-0.000000, -87.274854, 24.446645
0.000000, 0.000000, 35.000000
5
-4.677419, 44.415205
-7.580645, 43.187135
-6.935484, 39.093567
-1.451613, 40.321637
-1.774194, 45.643275
16.133759
3
0.129032, 0.654971, 24.181082
0.129032, -86.947368, 29.610836
0.000000, 0.000000, 35.000000
5
8.548387, 45.233918
3.064516, 42.368421
4.677419, 38.274854
12.419355, 38.684211
10.483871, 46.461988
13.323592
3
0.064516, -0.245614, 22.015879
-0.258065, -86.619883, 28.498730
0.000000, 0.000000, 35.000000
5
22.741935, 44.824561
19.193548, 42.777778
19.193548, 38.274854
25.967742, 36.637427
26.935484, 44.005848
7.975404
3
-0.064516, 2.292398, 12.395412
-0.064516, -88.994152, 23.841421
0.000000, 0.000000, 35.000000
5
39.838710, 26.403509
35.322581, 23.128655
37.903226, 18.216374
45.322581, 19.853801
45.000000, 27.222222
9.784982
4
0.129032, -59.192982, 11.516338
-85.354839, -58.783626, 20.252670
-85.354839, 0.163743, 26.276939
0.000000, 0.000000, 35.000000
5
41.129032, 10.847953
36.935484, 9.619883
36.935484, 3.070175
44.032258, 3.479532
42.741935, 12.076023
12.468815
4
0.451613, -36.269006, 20.065167
-75.032258, -35.859649, 26.119069
-74.709677, 0.163743, 29.008263
0.000000, 0.000000, 35.000000
5
40.806452, -4.707602
36.290323, -9.619883
39.193548, -15.350877
44.354839, -11.257310
43.387097, -5.526316
16.575068
4
0.000000, -8.514620, 25.811754
-72.258065, -8.105263, 30.171267
-72.258065, -0.327485, 30.640512
0.000000, 0.000000, 35.000000
5
40.161290, -21.491228
36.612903, -25.175439
38.225806, -30.497076
43.064516, -29.678363
41.451613, -20.672515
16.648885
4
0.903226, 31.438596, 24.228791
-73.612903, 31.438596, 28.704534
-73.290323, -0.081871, 30.597881
0.000000, 0.000000, 35.000000
5
41.451613, -35.409357
37.580645, -39.912281
41.129032, -44.824561
46.290323, -40.730994
44.354839, -35.409357
8.576131
4
-2.967742, 73.847953, 12.192706
-63.612903, 72.210526, 19.266673
-63.290323, 0.573099, 27.619875
0.000000, 0.000000, 35.000000
