54
4
-51.324885, 34.897661
-38.145161, 34.254386
-39.665899, 28.786550
-51.071429, 29.751462
0
4
-40.679724, 36.184211
-41.440092, 26.856725
-30.541475, 27.821637
-33.329493, 36.505848
0
4
-27.500000, 33.932749
-35.610599, 33.611111
-33.836406, 26.856725
-25.725806, 28.786550
0
4
-28.513825, 36.505848
-26.486175, 25.248538
-16.094470, 29.429825
-19.642857, 36.184211
0
4
-15.587558, 35.540936
-20.910138, 34.254386
-17.868664, 25.570175
-8.744240, 27.500000
0
4
-10.011521, 33.932749
-11.278802, 24.605263
-0.380184, 25.570175
-1.900922, 33.932749
0
4
9.504608, 32.967836
11.025346, 23.961988
19.896313, 27.178363
18.629032, 33.932749
0
4
27.500000, 34.254386
27.500000, 25.891813
17.868664, 25.570175
17.361751, 32.002924
0
4
26.486175, 32.967836
36.624424, 33.289474
34.850230, 23.318713
25.218894, 23.640351
0
4
34.596774, 35.862573
34.343318, 26.213450
45.241935, 27.821637
43.974654, 35.540936
0
4
-3.675115, 32.002924
4.688940, 31.681287
5.449309, 23.961988
-2.407834, 22.997076
-1
4
3.421659, 32.967836
2.661290, 24.926901
12.799539, 25.570175
13.306452, 32.324561
-1
4
-1.140553, 7.880117
7.476959, 8.201754
5.449309, 0.160819
-1.647465, 1.125731
1
4
3.928571, 9.809942
6.970046, 0.160819
14.066820, 1.125731
13.306452, 8.523392
1
4
-6.716590, 7.236842
1.394009, 6.593567
0.633641, 2.090643
-7.223502, 2.412281
1
4
11.785714, 5.628655
21.163594, 4.663743
19.135945, -1.125731
12.292627, -0.804094
1
4
18.629032, 7.236842
17.868664, 0.804094
25.725806, 0.160819
25.725806, 8.201754
1
4
-6.209677, 9.166667
-5.195853, 1.447368
-13.052995, 2.090643
-13.306452, 9.809942
1
4
-20.910138, 8.201754
-11.025346, 7.558480
-11.025346, 2.412281
-20.656682, 2.090643
1
4
-18.882488, 9.809942
-18.122120, 1.125731
-26.232719, 1.447368
-26.486175, 9.488304
1
4
24.711982, 6.271930
34.343318, 6.271930
33.076037, -0.804094
23.698157, -1.447368
1
4
-34.850230, 7.880117
-23.698157, 7.236842
-23.951613, -1.447368
-35.357143, -0.482456
1
4
-2.407834, 3.377193
3.168203, 3.377193
2.407834, -4.020468
-2.407834, -4.342105
0
4
-3.421659, -2.090643
1.140553, -2.412281
1.394009, -9.166667
-4.942396, -9.166667
0
4
-0.126728, -7.558480
-0.633641, -13.669591
7.730415, -14.634503
6.716590, -8.523392
0
4
28.767281, 0.804094
36.117512, 0.160819
34.850230, -9.166667
26.232719, -9.166667
0
4
33.076037, -6.593567
33.076037, -15.921053
25.979263, -16.885965
24.965438, -6.593567
0
4
30.034562, -14.312865
29.274194, -22.353801
37.891705, -21.388889
38.145161, -13.026316
0
4
31.555300, -29.429825
31.555300, -19.780702
36.370968, -19.459064
37.384793, -29.108187
0
4
28.767281, -27.821637
36.117512, -26.856725
36.117512, -35.862573
28.513825, -34.576023
0
4
27.500000, -32.967836
35.610599, -32.967836
34.850230, -40.365497
28.006912, -40.043860
1
4
6.463134, -34.897661
12.546083, -35.862573
12.039171, -42.938596
5.195853, -41.973684
1
4
7.983871, -40.687135
7.476959, -47.763158
14.066820, -47.763158
14.320276, -41.008772
1
4
5.956221, -45.833333
13.306452, -45.833333
13.052995, -53.874269
5.956221, -52.909357
1
4
8.237327, -36.827485
14.320276, -36.827485
14.066820, -29.751462
6.970046, -30.073099
1
4
8.744240, -24.605263
9.251152, -32.324561
16.094470, -32.002924
15.841014, -23.961988
1
4
37.131336, -15.921053
42.960829, -15.599415
42.960829, -23.640351
34.596774, -22.675439
-1
4
47.016129, -16.885965
52.592166, -16.885965
51.578341, -23.640351
47.269585, -23.961988
-1
4
9.251152, -18.172515
10.264977, -26.535088
14.827189, -25.891813
14.827189, -17.529240
1
4
6.716590, -12.383041
12.799539, -13.026316
12.039171, -20.423977
5.702765, -19.137427
1
4
-32.315668, 2.412281
-40.426267, 1.769006
-40.172811, -8.845029
-31.301843, -6.593567
-1
4
-42.453917, -8.201754
-36.624424, -6.915205
-34.343318, -17.207602
-41.693548, -17.529240
-1
4
-43.974654, -16.242690
-36.624424, -15.921053
-35.357143, -25.891813
-41.693548, -25.248538
-1
4
-39.158986, -23.961988
-31.808756, -24.605263
-32.569124, -32.967836
-38.905530, -33.611111
-1
4
-34.089862, -31.038012
-27.246544, -33.289474
-30.034562, -41.330409
-37.131336, -40.043860
-1
4
-22.177419, -51.301170
-16.854839, -51.622807
-17.108295, -41.973684
-23.444700, -42.616959
-1
4
-20.910138, -34.897661
-20.149770, -44.546784
-14.320276, -42.295322
-15.587558, -33.289474
0
4
-19.389401, -27.178363
-18.629032, -36.505848
-12.546083, -35.862573
-13.559908, -27.821637
-1
4
-17.868664, -19.780702
-16.601382, -28.786550
-10.264977, -28.143275
-12.292627, -19.137427
0
4
-19.389401, -13.026316
-18.629032, -22.032164
-13.306452, -22.353801
-13.306452, -13.669591
-1
4
-7.223502, -37.792398
-2.661290, -32.646199
-5.195853, -29.108187
-8.997696, -34.576023
1
4
-4.942396, -31.359649
0.380184, -28.143275
1.394009, -32.324561
-4.688940, -32.967836
1
4
-8.997696, -37.149123
-5.195853, -36.827485
-6.209677, -43.581871
-9.251152, -43.903509
1
4
0.380184, -30.073099
3.675115, -30.073099
2.914747, -34.897661
-0.380184, -33.611111
1
